1    718.35    1    -40.08    
2    736.76    2    -39.82    
3    724.38    3    -39.69    
4    719.09    4    -39.55    
5    716.9    5    -39.53    
6    718.67    6    -39.69    
7    719.0    7    -39.47    
8    721.29    8    -39.71    
9    718.57    9    -39.62    
10    719.44    10    -39.8    
11    721.84    11    -40.18    
12    721.48    12    -39.51    
13    721.62    13    -39.66    
14    721.77    14    -39.77    
15    720.1    15    -39.65    
16    718.87    16    -39.74    
17    718.58    17    -39.58    
18    718.71    18    -39.63    
19    722.87    19    -39.6    
20    717.07    20    -39.67    
21    718.64    21    -39.39    
22    723.49    22    -39.49    
23    719.06    23    -39.3    
24    718.0    24    -39.34    
25    722.84    25    -39.57    
26    721.62    26    -39.36    
27    723.21    27    -39.47   
28    722.67    28    -39.68    
29    720.4    29    -39.37    
30    720.11    30    -39.28    
31    719.52    31    -39.54    
32    721.52    32    -39.49   
33    719.13    33    -39.39    
34    719.83    34    -39.41    
35    723.06    35    -39.34    
36    720.6    36    -39.27    
37    722.51    37    -39.11    
38    722.24    38    -39.52    
39    720.01    39    -39.47    
40    722.45    40    -39.44    
41    720.76    41    -39.43    
42    723.54    42    -39.44    
43    720.49    43    -39.47    
44    721.02    44    -39.29    
45    719.85    45    -39.3    
46    722.19    46    -39.45    
47    723.33    47    -39.49    
48    723.82    48    -39.44    
49    724.72    49    -39.44    
50    719.17    50    -39.62    
51    724.75    51    -39.44    
52    723.82    52    -39.41    
53    721.34    53    -39.37    
54    721.05    54    -39.4    
55    722.78    55    -39.49    
56    722.91    56    -39.35    
57    722.61    57    -39.45    
58    722.28    58    -39.42    
59    722.24    59    -39.38    
60    722.37    60    -39.19    
61    721.75    61    320.47    
62    721.28    62    -39.36    
63    721.36    63    -39.37   
64    723.38    64    -39.39    
65    723.36    65    -39.4    
66    720.7    66    -39.34    
67    723.87    67    -39.57    
68    723.13    68    -39.36    
69    722.8    69    -39.46    
70    726.84    70    -39.55    
71    723.88    71    -39.71    
72    723.34    72    -39.78    
73    724.07    73    -39.62  
74    725.64    74    -39.52    
75    723.56    75    -39.57    
76    719.71    76    -39.68    
77    727.07    77    140.37    
78    720.45    78    -39.67    
79    723.33    79    -39.73    
80    726.14    80    -39.47    
81    725.0    81    -39.52   
82    722.43    82    -39.75    
83    723.05    83    -39.59    
84    723.74    84    -39.75    
85    724.21    85    -39.95    
86    721.28    86    -39.85    
87    722.91    87    -39.77    
88    724.41    88    -39.77    
89    726.36    89    -39.81    
90    721.93    90    -39.89    
91    726.9    91    -39.59    
92    727.42    92    -39.77    
93    722.19    93    -39.56   
94    723.24    94    -39.42    
95    722.79    95    -39.52    
96    724.68    96    -39.81    
97    721.48    97    -39.57    
98    726.25    98    -39.65    
99    720.76    99    -40.01   
100    714.8    100    -39.69    
101    723.39    101    -39.8    
102    720.4    102    -40.1    
103    713.58    103    -39.87    
104    712.56    104    -39.84    
105    720.92    105    -39.93    
106    714.34    106    -39.83    
107    714.55    107    -39.95    
108    717.32    108    -39.82    
109    715.13    109    -39.9    
110    717.0    110    -39.84    
111    720.17    111    -39.88    
112    719.59    112    -39.64    
113    713.86    113    -39.67    
114    718.01    114    -39.76    
115    716.96    115    -39.88    
116    717.47    116    -39.67    
117    716.24    117    -39.7    
118    722.01    118    -39.77    
119    719.08    119    -39.75    
120    721.04    120    -39.68    
121    719.75    121    -39.58    
122    722.7    122    -39.81    
123    722.23    123    -39.58    
124    716.89    124    -39.78    
125    722.6    125    -39.74    
126    717.55    126    -39.75    
127    722.75    127    -39.63    
128    723.76    128    -39.92    
129    721.87    129    -39.67    
130    718.69    130    -39.75    
131    723.53    131    -39.67    
132    721.07    132    -39.55    
133    716.79    133    -39.82    
