1    882.41    1    -29.13    
2    853.49    2    -28.59    
3    848.01    3    -28.83    
4    841.57    4    -28.72    
5    842.95    5    -28.58    
6    847.6    6    -29.02    
7    855.77    7    -28.84    
8    847.27    8    -28.93    
9    852.44    9    -28.66    
10    852.05    10    -28.73    
11    846.48    11    -28.74    
12    847.67    12    -28.79    
13    849.33    13    -28.63    
14    848.46    14    -28.71    
15    850.85    15    -28.87    
16    849.66    16    -28.86    
17    852.04    17    -28.56    
18    851.01    18    -28.39    
19    846.38    19    -28.74    
20    846.23    20    -28.49    
21    854.69    21    -28.75    
22    852.53    22    -28.89    
23    845.09    23    -28.58    
24    852.29    24    -28.74    
25    850.82    25    -28.75    
26    852.34    26    -28.56    
27    849.93    27    -28.66    
28    850.83    28    -28.75    
29    849.96    29    -28.66    
30    848.54    30    -28.56    
31    850.95    31    -29.05    
32    852.25    32    -28.84    
33    851.74    33    -28.65    
34    852.56    34    -28.71    
35    853.91    35    -28.64    
36    846.66    36    -28.89    
37    850.73    37    -28.71    
38    849.94    38    -28.98    
39    850.43    39    -28.56    
40    850.46    40    -28.99    
41    849.8    41    -29.15    
42    842.65    42    -29.01    
43    847.24    43    -28.61    
44    852.95    44    -28.84    
45    851.4    45    -28.7    
46    849.39    46    -28.87    
47    848.99    47    -28.96    
48    849.8    48    -28.07    
49    850.98    49    -28.8    
50    847.56    50    -29.21    
51    851.62    51    -28.83   
52    851.73    52    -28.4    
53    850.98    53    -28.7    
54    856.46    54    -28.79    
55    852.03    55    -29.05    
56    850.02    56    -28.94    
57    851.24    57    -28.81    
58    850.39    58    -28.75    
59    846.87    59    -28.78    
60    849.24    60    -28.85    
61    850.1    61    -28.76    
62    851.69    62    -28.79   
63    851.85    63    -28.63    
64    854.86    64    -28.93    
65    850.18    65    -29.18    
66    852.32    66    -28.96    
67    848.09    67    -28.89    
68    846.98    68    -28.54    
69    847.83    69    -28.67    
70    847.23    70    -28.67    
71    852.53    71    -28.58    
72    846.68    72    -29.0    
73    851.12    73    -28.52    
74    847.52    74    -28.45    
75    850.73    75    -28.84   
76    846.11    76    -28.56    
77    852.37    77    -28.55    
78    851.08    78    -28.55    
79    848.54    79    -28.44    
80    854.46    80    -28.83    
81    853.06    81    -28.85    
82    846.17    82    -28.59    
83    850.89    83    -28.91 
84    843.69    84    -28.97    
85    851.8    85    -28.21    
86    853.5    86    -28.68    
87    852.5    87    -28.52    
88    850.35    88    -28.51    
89    848.86    89    -28.62    
90    854.67    90    -28.41    
91    844.68    91    -28.7    
92    848.49    92    -28.92    
93    847.59    93    331.15    
94    845.36    94    -28.61    
95    849.31    95    -28.75    
96    853.64    96    -28.71    
97    847.57    97    -28.83    
98    848.99    98    -28.25    
99    853.86    99    -28.62    
100    851.82    100    -28.72    
101    849.29    101    -28.81   
102    853.23    102    -28.83    
103    851.71    103    -28.5    
104    846.87    104    -28.42    
105    848.93    105    -28.68    
106    851.14    106    -28.56    
107    844.68    107    -28.88    
108    846.18    108    -29.03    
109    846.97    109    -29.01    
110    844.66    110    -28.55    
111    854.64    111    -28.8    
112    849.0    112    -28.76    
113    846.13    113    -28.84    
114    848.99    114    -28.37    
115    849.16    115    -28.71    
116    845.75    116    -28.54    
117    850.62    117    -28.58    
118    852.3    118    -28.43    
119    848.32    119    -28.43    
120    848.08    120    -28.76    
121    849.26    121    -28.79    
122    850.74    122    -28.54    
123    849.68    123    -28.43    
124    852.29    124    -28.58    
125    845.82    125    -28.65    
126    852.84    126    -28.9    
127    847.33    127    -28.91    
128    847.73    128    -28.53    
129    849.06    129    -28.93    
130    851.25    130    -28.75    
131    848.21    131    -28.88    
132    852.07    132    -28.96    
