1   678.64   1   -7.51   
2   669.64   2   -7.21   
3   665.11   3   -7.24   
4   659.29   4   -7.51   
5   652.54   5   -7.09   
6   653.62   6   -7.11   
7   660.15   7   -7.19   
8   660.37   8   -7.24   
9   657.37   9   -7.2   
10   657.35   10   -7.02   
11   660.16   11   -7.31   
12   658.48   12   -7.35   
13   659.48   13   -7.06   
14   659.78   14   -6.97   
15   659.55   15   -7.12   
16   662.77   16   -6.95   
17   659.72   17   -7.04   
18   657.5   18   -7.26   
19   662.57   19   -7.19   
20   659.89   20   -6.72   
21   658.21   21   -7.01   
22   660.28   22   -7.26   
23   658.68   23   -7.1   
24   658.44   24   -7.33   
25   659.46   25   -7.03   
26   659.97   26   -7.36   
27   659.45   27   -7.17   
28   654.46   28   -7.06   
29   657.89   29   -7.09   
30   659.39   30   -7.34   
31   659.26   31   -7.07   
32   658.49   32   -6.92   
33   661.19   33   -7.06   
34   657.17   34   -7.02   
35   658.99   35   -7.06   
36   657.96   36   -7.35   
37   657.99   37   -7.25   
38   657.03   38   -7.22   
39   660.34   39   -7.06   
40   658.83   40   -7.12   
41   660.56   41   -7.19   
42   658.02   42   -7.39   
43   658.55   43   -7.06   
44   659.81   44   -7.23   
45   661.36   45   -7.09   
46   661.86   46   -6.86   
47   658.3   47   -7.21   
48   662.05   48   -7.12   
49   658.16   49   -7.07   
50   658.3   50   -7.11   
51   658.96   51   -7.17   
52   657.32   52   -7.06   
53   656.56   53   -7.05   
54   660.39   54   -7.17   
55   658.57   55   -6.92   
56   658.61   56   -7.06   
57   658.46   57   -7.03   
58   659.56   58   -7.03   
59   661.35   59   -7.13   
60   663.61   60   -7.02   
61   660.39   61   -7.22   
62   662.02   62   -7.16   
63   660.42   63   -7.22   
64   660.27   64   -7.04   
65   662.57   65   -7.12   
66   659.2   66   -7.34   
67   661.01   67   -7.23   
68   661.63   68   -7.15   
69   659.49   69   -7.17   
70   663.11   70   -6.98   
71   659.93   71   -7.3   
72   659.18   72   -7.32   
73   663.16   73   -7.1   
74   663.78   74   -7.1   
75   662.57   75   -7.35   
76   662.17   76   -7.32   
77   661.63   77   -7.0   
78   663.91   78   -7.23   
79   659.47   79   -7.39   
80   662.95   80   -7.16   
81   658.53   81   -7.26   
82   664.25   82   -7.08   
83   662.96   83   -7.34   
84   660.03   84   -7.16   
85   659.6   85   -7.12   
86   660.88   86   -7.1   
87   662.3   87   -7.25   
88   660.49   88   -7.25   
89   660.48   89   -7.11   
90   660.13   90   -7.05   
91   660.87   91   -7.22   
92   661.46   92   -7.1   
93   661.1   93   -7.19   
94   658.88   94   -7.43   
95   662.36   95   -6.96   
96   660.99   96   -7.28   
97   663.66   97   -7.26   
98   660.87   98   -7.16   
99   659.76   99   -6.95   
100   660.62   100   -7.1   
101   660.68   101   -6.9   
102   660.94   102   -7.03   
103   658.05   103   -7.25   
104   657.63   104   -7.04   
105   662.36   105   -7.28   
106   659.66   106   -7.12   
107   659.11   107   -7.1   
108   660.67   108   -7.16   
109   658.99   109   -7.23   
110   661.22   110   -7.08   
111   657.41   111   -6.83   
112   661.43   112   -7.23   
113   656.66   113   -7.11   
114   658.65   114   -7.16   
115   660.22   115   -6.74   
116   663.43   116   -7.09   
117   659.44   117   -6.96   
118   658.11   118   -7.37   
119   659.91   119   -7.07   
120   659.9   120   -6.92   
121   658.27   121   -7.26   
122   662.75   122   -7.07   
123   662.91   123   352.66   
124   660.47   124   -6.9   
125   658.64   125   -7.15   
126   662.34   126   -7.22   
127   658.29   127   -6.96   
128   659.66   128   -7.01   
