2   240.5   2   3.26   
3   236.0   3   -0.79   
4   238.43   4   0.84   
5   233.59   5   2.83   
6   239.56   6   4.69   
7   240.58   7   1.31   
8   235.79   8   2.89   
9   239.17   9   2.34   
10   232.06   10   3.13   
11   233.06   11   3.35   
12   233.81   12   4.21   
13   236.02   13   4.55   
14   223.02   14   2.17   
15   230.51   15   1.52   
16   231.83   16   0.94   
17   235.3   17   2.02   
18   233.15   18   0.67   
19   234.2   19   1.11   
20   231.05   20   5.07   
22   222.94   22   -0.52   
23   226.67   23   1.97   
24   222.92   24   -1.3   
25   227.18   25   2.07   
26   229.04   26   0.09   
27   229.16   27   1.07   
28   227.67   28   1.67   
29   212.94   29   1.52   
30   231.88   30   0.42   
31   221.15   31   0.82   
32   234.8   32   -0.17   
33   224.62   33   2.14   
34   237.04   34   1.78   
35   237.5   35   -0.06   
36   231.2   36   4.13   
37   229.28   37   -0.34   
38   220.2   38   2.43   
39   225.5   39   3.14   
40   231.88   40   0.83   
41   226.67   41   -1.03   
42   227.23   42   2.78   
43   222.25   43   1.76   
44   233.39   44   0.83   
45   219.42   45   2.33   
46   216.1   46   0.31   
47   218.34   47   4.43   
48   219.68   48   3.38   
49   223.79   49   4.86   
50   222.05   50   1.05   
51   215.66   51   0.7   
52   224.96   52   2.76   
53   220.75   53   1.66   
54   226.42   54   3.25   
55   223.73   55   3.56   
56   225.77   56   2.18   
57   225.81   57   1.42   
58   222.83   58   5.14   
59   219.06   59   -0.26   
60   220.87   60   4.26   
61   214.48   61   1.59   
62   224.72   62   -0.12   
63   224.57   63   3.94   
64   212.34   64   5.43   
66   215.89   66   0.15   
67   221.99   67   0.06   
68   219.87   68   5.54   
69   215.04   69   4.9   
70   217.95   70   0.25   
71   221.23   71   1.42   
72   221.21   72   4.14   
73   217.34   73   3.38   
74   213.03   74   3.64   
75   213.84   75   1.82   
76   211.09   76   2.62   
77   218.27   77   1.17   
78   224.18   78   4.2   
80   214.23   80   1.87   
81   212.88   81   1.99   
82   219.62   82   3.85   
83   217.53   83   -0.7   
84   215.84   84   3.14   
85   214.45   85   3.51   
86   211.59   86   1.88   
87   218.96   87   3.34   
88   213.87   88   3.3   
89   209.12   89   2.45   
90   210.73   90   0.48   
91   201.5   91   2.65   
92   215.53   92   -1.09   
93   221.34   93   1.7   
94   221.61   94   2.82   
95   210.88   95   1.11   
96   208.68   96   4.0   
97   209.22   97   0.34   
98   213.9   98   4.45   
99   214.69   99   4.55   
100   216.38   100   -0.8   
101   205.99   101   -1.32   
102   216.72   102   3.88   
103   210.18   103   0.18   
104   213.59   104   -1.42   
105   212.68   105   -0.99   
106   213.18   106   0.59   
107   204.61   107   3.99   
108   212.12   108   4.68   
109   214.78   109   3.86   
110   216.72   110   3.59   
111   207.58   111   3.8   
112   211.91   112   -1.33   
113   212.5   113   -1.32   
114   207.61   114   1.55   
115   212.03   115   4.6   
116   210.37   116   3.47   
117   214.61   117   4.29   
118   205.48   118   1.37   
119   213.82   119   2.07   
120   214.83   120   2.53   
121   206.48   121   0.42   
122   209.29   122   0.15   
123   195.67   123   2.04   
124   208.72   124   3.21   
125   209.15   125   1.66   
126   208.1   126   0.04   
127   209.23   127   0.2   
128   195.37   128   0.41   
129   205.31   129   1.9   
130   201.58   130   -0.71   
132   205.2   132   1.74   
133   210.93   133   0.25   
134   216.82   134   0.54   
135   207.68   135   3.16   
136   204.93   136   1.84   
137   210.48   137   0.33   
138   205.99   138   4.33   
139   212.29   139   2.42   
140   215.31   140   1.15   
141   205.89   141   1.98   
142   215.53   142   3.28   
143   203.96   143   1.86   
144   212.92   144   0.03   
145   206.14   145   0.09   
146   208.21   146   4.95   
147   195.25   147   2.46   
148   211.23   148   1.05   
149   205.15   149   0.25   
150   199.24   150   0.62   
151   208.67   151   -1.24   
152   203.1   152   1.48   
153   214.48   153   2.0   
154   197.99   154   0.57   
155   214.03   155   3.06   
156   195.52   156   1.78   
157   203.08   157   0.88   
158   208.44   158   1.86   
159   211.27   159   0.28   
160   193.49   160   3.27   
161   196.57   161   2.83   
162   195.09   162   3.35   
163   198.15   163   0.33   
165   196.67   165   0.64   
166   192.52   166   -0.51   
167   193.26   167   3.51   
168   196.82   168   0.57   
169   208.34   169   -1.26   
171   203.45   171   3.24   
172   200.77   172   1.85   
173   186.76   173   2.16   
174   200.49   174   1.62   
175   196.25   175   0.61   
176   200.61   176   1.65   
177   205.89   177   4.9   
178   196.85   178   1.43   
179   200.18   179   0.1   
180   205.78   180   4.76   
181   203.08   181   1.39   
182   200.32   182   1.75   
183   210.58   183   2.03   
184   196.49   184   1.3   
185   192.1   185   1.9   
186   202.02   186   3.13   
187   202.02   187   5.12   
188   199.38   188   1.57   
189   200.23   189   3.41   
190   198.58   190   3.77   
191   196.31   191   3.91   
192   193.81   192   2.94   
193   206.31   193   2.01   
194   198.79   194   1.63   
195   197.53   195   0.25   
196   196.21   196   3.85   
197   195.74   197   1.54   
198   195.85   198   1.49   
199   205.12   199   3.42   
200   201.69   200   2.34   
201   198.66   201   1.94   
202   203.9   202   4.52   
203   200.7   203   3.68   
204   197.52   204   1.99   
205   198.47   205   2.07   
206   192.84   206   0.68   
207   186.48   207   2.91   
208   190.22   208   -0.83   
209   194.21   209   0.54   
210   194.11   210   1.77   
211   191.95   211   0.78   
212   199.73   212   3.42   
213   196.64   213   1.64   
214   187.33   214   4.2   
215   206.58   215   1.63   
216   206.93   216   1.81   
217   192.39   217   3.08   
218   191.41   218   4.85   
219   186.96   219   4.45   
220   184.56   220   5.06   
221   185.17   221   0.67   
222   202.44   222   -0.13   
223   195.73   223   -0.14   
224   195.44   224   1.81   
225   195.79   225   1.87   
226   195.44   226   1.8   
227   186.87   227   4.26   
228   194.82   228   5.39   
229   198.14   229   0.11   
230   193.48   230   5.44   
231   197.76   231   5.05   
232   197.43   232   1.25   
233   202.89   233   1.84   
234   202.44   234   1.86   
235   194.8   235   2.27   
236   194.49   236   1.82   
237   189.94   237   0.76   
238   185.95   238   1.61   
239   194.0   239   1.88   
240   189.9   240   2.87   
241   183.29   241   2.8   
242   190.26   242   2.92   
243   187.51   243   3.0   
244   186.32   244   -0.64   
245   194.44   245   -0.43   
246   193.71   246   2.06   
247   193.51   247   1.94   
248   189.9   248   3.31   
249   193.9   249   1.77   
250   189.73   250   2.93   
251   189.06   251   0.77   
252   192.92   252   -1.52   
253   193.93   253   1.91   
254   193.75   254   -0.1   
255   189.27   255   -1.13   
256   191.43   256   5.03   
257   190.55   257   1.52   
258   189.76   258   0.43   
259   196.61   259   4.07   
260   189.25   260   3.06   
261   188.95   261   5.3   
262   193.58   262   1.93   
263   191.47   263   0.25   
264   192.16   264   -1.54   
265   189.44   265   3.69   
266   185.16   266   2.02   
267   203.73   267   1.73   
268   192.52   268   3.89   
269   200.37   269   0.16   
270   199.11   270   3.64   
271   193.94   271   5.58   
272   195.39   272   1.55   
273   192.72   273   2.05   
274   191.87   274   3.65   
275   199.3   275   2.22   
276   197.52   276   4.98   
277   194.03   277   -1.54   
278   192.15   278   2.01   
279   202.67   279   2.1   
280   192.32   280   1.63   
281   186.66   281   3.24   
282   199.09   282   0.47   
283   195.54   283   5.51   
284   195.6   284   1.75   
285   187.74   285   3.24   
286   187.21   286   0.62   
287   190.81   287   3.68   
288   203.18   288   1.04   
289   187.3   289   0.71   
290   200.87   290   -0.44   
291   194.7   291   -0.04   
292   188.44   292   1.67   
293   198.85   293   0.36   
294   186.91   294   0.81   
295   191.69   295   1.64   
296   189.27   296   0.39   
297   191.1   297   1.85   
298   187.07   298   1.04   
299   199.56   299   1.66   
300   187.46   300   3.21   
301   192.39   301   1.91   
302   204.65   302   1.93   
303   202.02   303   1.97   
304   198.21   304   2.1   
305   194.7   305   2.25   
306   182.84   306   4.93   
307   202.6   307   2.57   
308   191.94   308   0.22   
309   191.22   309   1.73   
310   177.33   310   2.51   
311   183.9   311   2.39   
312   195.63   312   3.23   
313   194.34   313   3.54   
314   198.68   314   3.53   
315   196.77   315   4.86   
316   195.31   316   0.79   
317   197.96   317   1.66   
318   194.38   318   3.03   
319   187.03   319   2.32   
320   194.45   320   3.02   
321   185.76   321   0.63   
322   197.84   322   0.12   
323   186.25   323   3.33   
324   194.88   324   2.09   
325   190.83   325   3.68   
326   197.83   326   1.8   
327   186.79   327   0.72   
328   191.22   328   3.73   
329   193.66   329   4.1   
330   194.28   330   2.79   
331   189.65   331   1.98   
332   190.23   332   3.79   
333   194.93   333   0.91   
334   187.01   334   1.55   
335   195.07   335   0.69   
336   189.82   336   0.14   
337   184.25   337   2.39   
338   192.03   338   3.79   
339   192.6   339   5.34   
340   190.31   340   1.81   
341   190.12   341   4.07   
342   187.64   342   1.75   
343   185.95   343   3.34   
344   178.6   344   3.01   
345   187.75   345   4.18   
346   185.65   346   0.94   
347   197.61   347   3.35   
348   183.01   348   1.41   
349   196.94   349   1.08   
350   185.36   350   3.12   
351   180.11   351   4.62   
352   186.58   352   4.1   
353   196.87   353   1.69   
354   188.81   354   0.41   
356   197.19   356   0.46   
357   192.85   357   3.26   
358   181.96   358   3.51   
359   178.17   359   0.71   
360   192.59   360   2.48   
361   189.63   361   1.91   
362   190.04   362   2.01   
363   193.61   363   3.09   
364   196.29   364   1.08   
365   200.4   365   1.63   
366   195.49   366   3.67   
367   188.62   367   1.61   
368   184.27   368   1.0   
369   185.2   369   3.12   
370   181.25   370   0.44   
371   195.1   371   0.05   
372   183.34   372   3.29   
373   192.35   373   0.85   
374   176.81   374   2.98   
375   180.91   375   3.61   
376   183.13   376   3.36   
377   182.8   377   1.17   
378   179.5   378   -0.69   
379   186.62   379   0.41   
380   184.41   380   0.6   
381   197.44   381   1.84   
382   182.42   382   4.71   
383   189.74   383   -0.1   
384   188.24   384   -1.39   
385   197.5   385   2.77   
386   178.74   386   -2.48   
387   182.7   387   1.09   
388   193.3   388   0.78   
389   190.42   389   0.51   
390   190.01   390   0.42   
391   184.64   391   3.23   
393   186.73   393   0.26   
394   194.58   394   2.77   
395   186.16   395   -1.76   
396   183.02   396   0.31   
397   190.28   397   3.5   
399   182.03   399   4.94   
400   197.54   400   1.92   
401   178.94   401   4.56   
402   195.42   402   1.6   
403   191.42   403   1.77   
404   187.98   404   -0.88   
405   183.58   405   0.61   
406   183.33   406   3.44   
407   187.18   407   1.9   
408   182.59   408   -1.29   
409   183.65   409   0.56   
410   185.35   410   1.2   
411   190.22   411   4.03   
412   183.42   412   0.55   
413   184.11   413   0.53   
414   190.43   414   3.41   
415   185.5   415   -1.05   
417   182.24   417   0.73   
418   183.81   418   -1.46   
419   186.48   419   1.45   
420   179.3   420   4.82   
421   186.72   421   -0.05   
422   189.23   422   0.29   
423   183.26   423   4.54   
424   184.25   424   1.41   
425   177.57   425   -0.31   
426   179.96   426   1.52   
427   179.71   427   -1.95   
428   186.54   428   1.94   
429   184.07   429   4.25   
430   183.13   430   3.43   
431   192.37   431   2.36   
432   184.32   432   2.71   
433   188.69   433   -0.63   
434   186.46   434   2.11   
435   178.96   435   4.45   
436   183.4   436   3.36   
437   188.84   437   0.29   
438   198.63   438   2.92   
439   182.89   439   3.4   
440   185.07   440   2.54   
441   189.55   441   3.76   
442   190.02   442   0.23   
443   183.36   443   4.15   
444   193.14   444   0.11   
445   182.88   445   0.57   
446   181.43   446   0.5   
447   193.9   447   0.69   
448   186.78   448   1.92   
449   190.15   449   3.63   
450   192.19   450   -0.39   
451   178.11   451   -0.53   
452   189.9   452   3.9   
453   183.83   453   0.04   
454   178.37   454   2.73   
455   197.63   455   0.64   
456   186.52   456   4.84   
457   182.25   457   3.37   
458   187.31   458   2.86   
459   190.2   459   1.55   
460   187.94   460   1.58    
462   186.23   462   -1.65   
463   184.61   463   -0.66   
464   177.09   464   -0.41   
465   185.91   465   2.05   
466   188.52   466   2.9   
467   183.52   467   3.45   
468   191.28   468   -1.37   
469   182.32   469   0.71   
470   184.23   470   1.93   
471   182.71   471   2.72   
472   181.73   472   0.63   
473   185.85   473   2.0   
475   184.1   475   2.51   
476   191.58   476   5.22   
477   182.9   477   0.24   
478   193.03   478   -0.3   
479   193.22   479   0.05   
480   193.99   480   0.21   
481   196.62   481   2.52   
482   187.61   482   -0.7   
483   191.4   483   -0.16   
484   186.55   484   3.59   
485   186.6   485   -0.89   
486   179.34   486   2.49   
487   180.04   487   -0.73   
488   198.07   488   3.61   
489   186.64   489   0.02   
490   190.85   490   1.64   
491   178.4   491   -2.58   
492   183.28   492   0.45   
493   190.96   493   1.95   
494   182.95   494   -0.34   
495   188.35   495   3.55   
496   183.52   496   0.75   
497   192.93   497   5.62   
498   180.22   498   0.16   
499   181.86   499   2.16   
500   192.31   500   0.19   
501   187.32   501   5.9   
502   192.27   502   0.54   
503   190.54   503   0.46   
504   181.93   504   0.69   
505   183.99   505   3.58   
506   186.98   506   4.2   
507   189.48   507   0.01   
508   190.5   508   3.27   
509   188.49   509   0.19   
510   186.71   510   2.0   
511   197.69   511   3.44   
512   182.32   512   5.04   
513   182.45   513   0.24   
514   184.43   514   5.45   
515   184.18   515   2.54   
516   182.8   516   0.43   
517   183.29   517   -1.16   
518   188.41   518   2.71   
519   191.64   519   -0.3   
520   186.22   520   4.81   
521   181.91   521   0.56   
522   180.16   522   5.81   
523   182.37   523   5.06   
524   182.72   524   -1.94   
525   181.9   525   0.58   
526   182.33   526   2.67   
527   182.68   527   3.4   
528   183.43   528   2.31   
529   178.01   529   5.0   
530   182.8   530   3.64   
531   183.47   531   -0.11   
532   184.68   532   2.25   
533   180.97   533   1.71   
534   182.12   534   2.5   
535   181.62   535   0.54   
536   190.83   536   5.3   
537   177.08   537   -0.37   
538   188.9   538   1.68   
539   188.27   539   -0.01   
540   189.17   540   0.51   
541   188.73   541   4.97   
542   184.6   542   0.12   
543   190.27   543   0.99   
544   189.64   544   -0.07   
545   195.64   545   3.33   
546   190.94   546   3.92   
547   188.53   547   -0.15   
548   187.89   548   1.43   
549   184.28   549   0.88   
550   185.14   550   2.88   
551   176.59   551   -0.43   
552   187.78   552   3.87   
553   185.66   553   4.24   
554   185.25   554   0.82   
555   176.94   555   3.56   
556   182.98   556   -1.1   
557   190.36   557   0.45   
558   184.38   558   2.56   
559   183.58   559   -0.16   
560   181.55   560   2.06   
561   180.95   561   3.25   
562   184.5   562   5.23   
563   184.5   563   2.68   
564   186.03   564   1.81   
565   177.55   565   -1.24   
566   185.75   566   -0.44   
567   185.73   567   2.08   
568   184.86   568   5.17   
569   175.1   569   0.14   
570   182.61   570   5.3   
571   177.78   571   -0.78   
572   180.63   572   2.35   
573   192.32   573   1.01   
574   182.7   574   3.53   
575   189.51   575   1.93   
576   180.38   576   -1.12   
577   186.37   577   3.94   
578   188.32   578   0.41   
579   181.68   579   3.47   
580   178.15   580   5.74   
581   199.17   581   3.76   
582   182.05   582   0.3   
583   188.58   583   3.5   
584   180.7   584   5.17   
585   179.09   585   1.03   
586   187.33   586   4.1   
587   181.29   587   3.52   
588   176.16   588   4.41   
590   187.74   590   0.37   
591   190.64   591   2.97   
592   176.39   592   4.97   
593   176.29   593   4.25   
594   181.95   594   3.44   
595   174.57   595   3.43   
596   187.35   596   0.6   
597   183.47   597   0.01   
598   196.64   598   2.86   
599   175.83   599   4.6   
600   185.49   600   1.34   
601   184.62   601   1.83   
602   186.28   602   1.81   
603   187.56   603   4.29   
604   180.0   604   3.09   
606   180.65   606   3.42   
607   184.1   607   -1.65   
608   180.96   608   3.76   
609   173.82   609   1.72   
610   181.62   610   4.51   
611   191.02   611   0.99   
612   177.4   612   0.71   
613   195.45   613   1.19   
614   184.12   614   2.29   
615   184.16   615   1.94   
616   189.33   616   0.76   
617   192.7   617   3.56   
618   173.56   618   0.81   
619   177.3   619   1.84   
620   179.57   620   0.9   
621   195.37   621   3.54   
622   185.27   622   4.04   
623   196.21   623   0.85   
624   188.15   624   -0.11   
625   179.39   625   0.47   
626   188.27   626   3.33   
627   180.47   627   2.01   
628   189.1   628   1.01   
629   198.99   629   2.2   
630   180.62   630   1.58   
631   175.65   631   4.46   
632   196.23   632   0.82   
633   185.08   633   1.86   
634   195.13   634   1.55   
635   186.29   635   1.39   
636   173.69   636   -1.08   
637   188.7   637   1.38   
638   178.83   638   3.14   
639   191.96   639   3.46   
640   191.09   640   1.68   
642   182.11   642   0.15   
643   183.4   643   -1.74   
644   173.43   644   1.67   
645   183.87   645   5.48   
646   177.54   646   4.08   
647   179.97   647   3.55   
648   178.46   648   -1.05   
649   185.76   649   3.82   
650   184.48   650   2.05   
651   183.32   651   0.28   
652   174.86   652   -0.76   
653   193.85   653   4.14   
654   175.82   654   5.01   
655   187.68   655   0.85   
656   178.71   656   3.18   
657   186.48   657   0.57   
658   187.72   658   3.15   
659   174.8   659   -0.68   
660   177.63   660   1.72   
661   184.02   661   -0.23   
662   183.91   662   -1.86   
663   187.67   663   3.6   
664   189.26   664   3.23   
665   197.94   665   2.53   
666   178.86   666   3.31   
667   180.29   667   3.61   
668   181.48   668   3.56   
669   190.71   669   1.85   
670   188.67   670   2.84   
671   180.51   671   1.8   
672   175.78   672   6.38   
673   182.21   673   3.44   
674   184.47   674   3.92   
675   173.9   675   6.39   
676   178.77   676   3.06   
677   173.64   677   -0.16   
678   198.28   678   2.37   
679   191.37   679   2.28   
680   175.04   680   4.82   
681   179.56   681   0.6   
682   191.37   682   2.41   
683   183.77   683   -0.59   
684   178.05   684   2.9   
685   177.87   685   4.13   
686   179.87   686   3.68   
687   182.09   687   5.21   
688   179.01   688   0.66   
689   176.02   689   -2.62   
690   177.91   690   3.7   
691   189.86   691   -1.53   
692   176.81   692   -0.72   
693   175.59   693   0.48   
694   187.12   694   2.34   
695   180.46   695   -1.23   
696   182.95   696   0.28   
697   184.25   697   3.16   
698   173.11   698   2.97   
699   188.74   699   5.07   
700   190.49   700   0.24   
701   176.23   701   4.89   
702   184.62   702   3.93   
703   183.19   703   1.15   
704   175.73   704   1.08   
705   186.27   705   0.05   
706   180.91   706   0.58   
707   186.32   707   3.76   
708   174.2   708   0.32   
709   175.63   709   4.78   
710   176.71   710   5.14   
712   187.0   712   0.49   
713   188.93   713   2.32   
714   180.16   714   3.39   
715   186.1   715   0.28   
716   182.81   716   0.91   
717   172.58   717   6.66   
718   179.33   718   3.97   
720   183.04   720   3.18   
721   182.99   721   1.88   
722   184.23   722   -0.33   
723   184.71   723   -1.57   
724   184.46   724   5.83   
725   183.39   725   2.44   
726   181.38   726   2.74   
727   177.73   727   5.19   
728   179.47   728   0.7   
729   179.79   729   4.23   
730   188.15   730   -0.28   
731   183.79   731   1.16   
732   181.03   732   2.29   
733   176.47   733   -0.56   
734   179.47   734   0.65   
735   186.9   735   1.26   
736   177.68   736   5.01   
737   180.37   737   -0.29   
738   182.05   738   3.34   
739   188.9   739   2.81   
740   180.53   740   -1.89   
741   176.94   741   6.04   
742   176.73   742   2.27   
743   188.16   743   1.67   
744   188.88   744   2.33   
745   189.63   745   3.21   
746   177.72   746   1.62   
747   189.18   747   1.14   
748   181.95   748   3.0   
749   188.6   749   2.43   
750   176.81   750   3.49   
751   180.79   751   -1.51   
752   170.33   752   -0.73   
753   180.9   753   -0.42   
754   169.73   754   6.39   
755   189.66   755   1.25   
756   183.13   756   2.17   
757   179.98   757   0.89   
758   186.97   758   1.32   
759   187.78   759   0.33   
760   176.65   760   0.09   
761   177.52   761   2.89   
762   188.31   762   0.33   
763   166.86   763   -1.9   
764   183.87   764   4.17   
765   178.08   765   3.31   
766   187.26   766   3.36   
767   183.55   767   3.35   
768   177.39   768   0.25   
769   174.57   769   0.48   
770   184.49   770   2.47   
771   176.03   771   2.0   
772   182.5   772   2.28   
773   173.54   773   2.01   
774   179.66   774   -0.21   
775   179.25   775   0.38   
776   177.45   776   -3.86   
777   192.62   777   2.34   
778   171.17   778   0.03   
779   186.75   779   3.69   
780   186.85   780   2.77   
781   183.16   781   -1.73   
782   180.54   782   5.05   
783   171.27   783   -1.22   
784   181.62   784   1.25   
785   183.79   785   0.83   
786   175.43   786   4.61   
787   184.35   787   2.72   
788   183.97   788   1.49   
789   169.26   789   -0.06   
790   190.4   790   -0.35   
791   174.46   791   2.53   
792   186.43   792   1.47   
793   181.97   793   1.54   
794   187.81   794   -0.04   
795   180.32   795   1.08   
796   173.48   796   0.51   
797   179.28   797   1.16   
798   180.95   798   5.25   
799   174.03   799   -0.36   
800   187.92   800   1.75   
801   178.71   801   -1.13   
802   175.12   802   -0.68   
803   188.39   803   3.45   
804   174.25   804   2.18   
805   178.43   805   4.61   
806   177.29   806   4.04   
807   174.72   807   1.35   
808   174.07   808   0.05   
809   175.87   809   5.92   
810   179.31   810   1.62   
811   172.1   811   0.68   
812   181.22   812   4.5   
813   172.05   813   0.74   
814   194.43   814   2.25   
815   176.1   815   1.46   
817   175.9   817   2.17   
818   181.72   818   1.95   
819   173.17   819   -1.39   
820   178.17   820   -1.81   
821   175.05   821   3.86   
822   182.12   822   3.1   
823   177.76   823   4.17   
824   167.57   824   0.43   
825   173.8   825   1.3   
826   185.01   826   0.05   
827   169.92   827   0.06   
828   172.82   828   4.9   
829   164.56   829   3.06   
830   172.91   830   -1.3   
831   176.09   831   4.66   
832   168.67   832   0.68   
833   175.33   833   -1.11   
834   176.14   834   5.06   
835   187.41   835   2.42   
836   173.58   836   4.74   
838   181.7   838   -1.68   
839   181.76   839   -1.76   
840   170.68   840   -0.61   
841   179.74   841   -0.81   
842   172.77   842   3.58   
843   181.01   843   4.56   
844   173.43   844   4.51   
845   172.69   845   2.18   
846   183.02   846   5.1   
847   187.62   847   2.39   
848   173.9   848   1.12   
849   178.32   849   4.5   
850   174.27   850   4.64   
851   175.5   851   0.38   
852   179.21   852   0.04   
853   179.15   853   6.42   
854   191.12   854   2.1   
855   173.44   855   1.91   
856   171.45   856   -1.0   
857   193.02   857   3.29   
858   185.91   858   4.09   
859   184.57   859   3.13   
860   169.83   860   1.31   
861   174.14   861   2.95   
862   182.34   862   2.97   
863   180.27   863   4.01   
864   176.47   864   -1.93   
865   182.95   865   5.46   
866   184.44   866   2.03   
867   189.28   867   3.34   
868   176.22   868   8.04   
869   178.01   869   -0.59   
870   177.59   870   2.6   
871   188.38   871   3.53   
872   187.74   872   0.06   
873   171.06   873   -2.38   
874   183.07   874   2.16   
875   170.69   875   -0.68   
876   180.89   876   3.87   
877   176.71   877   0.49   
878   174.14   878   1.28   
879   178.14   879   0.52   
880   173.76   880   -0.1   
881   179.61   881   0.21   
882   179.75   882   5.03   
883   180.05   883   3.25   
884   176.34   884   -1.08   
885   188.44   885   2.86   
886   184.84   886   4.96   
887   183.43   887   3.58   
888   185.81   888   -0.15   
889   177.45   889   2.23   
890   182.49   890   4.68   
891   173.7   891   0.29   
892   183.73   892   -0.62   
893   174.59   893   -0.53   
894   181.06   894   4.75   
895   183.2   895   -0.21   
896   177.73   896   -1.87   
897   183.13   897   -0.08   
898   185.14   898   3.55   
899   184.57   899   0.65   
900   174.33   900   4.49   
901   183.53   901   0.31   
902   184.5   902   1.09   
903   182.22   903   5.6   
904   179.72   904   0.02   
905   175.18   905   0.84   
906   177.12   906   1.45   
907   187.65   907   3.66   
908   179.7   908   2.45   
909   175.88   909   -0.88   
910   168.7   910   4.07   
911   194.44   911   0.89   
912   194.05   912   3.35   
913   178.25   913   0.53   
914   176.82   914   2.17   
915   175.29   915   3.23   
916   174.9   916   0.18   
917   176.8   917   1.75   
918   181.95   918   2.29   
919   186.2   919   3.0   
920   179.61   920   -1.08   
921   176.4   921   3.66   
922   172.41   922   0.87   
923   170.2   923   1.06   
924   173.68   924   2.43   
925   182.35   925   1.1   
926   171.03   926   1.08   
927   182.3   927   3.03   
928   170.62   928   -0.69   
929   185.66   929   -0.49   
930   187.9   930   5.22   
931   173.5   931   4.81   
932   172.6   932   0.74   
933   180.6   933   2.73   
934   177.38   934   -3.95   
935   182.18   935   2.14   
936   185.37   936   3.41   
937   182.86   937   3.61   
938   174.3   938   3.89   
939   176.47   939   6.21   
940   171.53   940   3.41   
941   175.33   941   -1.78   
942   171.14   942   2.08   
943   176.71   943   4.71   
944   183.73   944   0.35   
945   186.99   945   2.7   
946   181.08   946   0.42   
947   180.22   947   -1.3   
948   183.6   948   3.32   
949   182.16   949   4.56   
950   176.87   950   2.19   
951   179.83   951   3.45   
952   171.01   952   3.19   
953   179.95   953   2.85   
954   178.56   954   2.46   
955   179.92   955   5.25   
956   177.0   956   3.53   
957   188.15   957   1.79   
958   179.22   958   -1.2   
959   171.68   959   2.11   
960   176.82   960   3.92   
961   180.81   961   0.6   
962   173.69   962   2.11   
963   199.6   963   1.85   
964   183.28   964   -0.59   
965   179.73   965   3.42   
966   177.92   966   5.15   
967   186.24   967   -0.41   
968   174.38   968   2.15   
969   173.53   969   3.38   
970   183.48   970   7.07   
971   172.99   971   3.68   
972   184.08   972   -2.52   
973   172.72   973   4.35   
974   176.45   974   0.43   
975   184.01   975   1.07   
976   179.44   976   -2.31   
977   178.31   977   -0.52   
978   173.96   978   -1.27   
979   176.09   979   -0.51   
980   176.17   980   2.11   
981   188.14   981   2.68   
982   176.67   982   4.78   
983   177.75   983   0.81   
984   180.97   984   5.2   
985   169.09   985   5.36   
986   175.9   986   -1.91   
987   179.93   987   5.2   
988   177.31   988   -0.75   
989   183.25   989   1.23   
990   189.63   990   -0.12   
991   179.62   991   5.31   
992   181.67   992   4.76   
993   181.39   993   4.23   
994   178.48   994   -0.36   
995   178.56   995   4.23   
996   184.82   996   3.85   
997   187.74   997   2.48   
998   188.51   998   2.73   
999   179.35   999   5.27   
1000   180.1   1000   -0.1   
1001   179.85   1001   -0.98   
1002   177.91   1002   0.71   
1003   183.24   1003   5.85   
1004   180.1   1004   1.65   
1005   179.23   1005   0.36   
1006   178.39   1006   3.71   
1007   181.79   1007   2.38   
1008   179.88   1008   1.63   
1009   175.03   1009   1.62   
1010   178.05   1010   3.41   
1011   178.35   1011   0.79   
1012   185.04   1012   0.44   
1013   178.88   1013   5.42   
1014   173.2   1014   3.71   
1015   180.81   1015   0.28   
1016   180.23   1016   2.01   
1017   187.27   1017   0.71   
1018   177.89   1018   3.54   
1019   180.53   1019   0.76   
1020   184.84   1020   -0.74   
1021   172.51   1021   4.04   
1022   176.93   1022   -2.03   
1023   176.37   1023   0.03   
1024   177.93   1024   -2.23   
1025   192.84   1025   2.04   
1026   173.96   1026   -0.33   
1027   181.92   1027   4.55   
1028   183.5   1028   0.75   
1029   175.32   1029   2.43   
1030   173.81   1030   5.21   
1031   173.31   1031   1.03   
1032   176.6   1032   5.88   
1033   180.09   1033   4.44   
1034   180.57   1034   1.58   
1035   188.33   1035   3.67   
1036   188.23   1036   2.29   
1037   176.47   1037   -1.04   
1038   183.96   1038   2.92   
1039   177.77   1039   1.69   
1040   187.03   1040   3.61   
1041   176.19   1041   2.87   
1042   172.58   1042   -1.85   
1043   171.2   1043   2.62   
1044   176.6   1044   3.3   
1045   187.0   1045   3.75   
