2   286.68   2   0.94   
3   292.65   3   0.76   
4   290.27   4   0.67   
5   288.79   5   0.8   
6   283.48   6   0.86   
7   282.3   7   0.76   
8   281.59   8   0.68   
9   279.42   9   0.71   
10   278.23   10   0.84   
11   276.22   11   0.84   
12   273.95   12   0.78   
13   272.06   13   0.77   
14   270.13   14   0.69   
15   268.13   15   0.71   
16   266.68   16   0.8   
17   265.93   17   0.74   
18   265.28   18   0.83   
19   263.51   19   0.77   
20   261.31   20   0.68   
21   260.33   21   0.82   
22   258.96   22   0.83   
23   257.75   23   0.96   
24   256.5   24   0.91   
25   255.41   25   0.8   
26   254.33   26   0.75   
27   253.05   27   0.82   
28   251.9   28   0.8   
29   249.94   29   0.75   
30   249.48   30   0.77   
31   248.09   31   0.88   
32   246.61   32   0.97   
33   245.75   33   0.63   
34   244.81   34   0.96   
35   243.13   35   0.85   
36   242.08   36   0.81   
37   241.08   37   0.98   
38   239.85   38   0.87   
39   239.34   39   0.75   
40   238.13   40   0.88   
41   236.94   41   0.87   
42   236.41   42   0.93   
43   235.1   43   0.9   
44   233.1   44   0.95   
45   232.4   45   0.96   
46   231.19   46   0.98   
47   230.1   47   0.9   
48   229.41   48   0.94   
49   227.18   49   0.9   
50   226.48   50   0.88   
51   225.19   51   0.78   
52   224.32   52   0.88   
53   223.37   53   0.87   
54   222.45   54   0.98   
55   221.5   55   0.91   
56   221.15   56   0.9   
57   219.49   57   1.04   
58   218.84   58   0.73   
59   218.09   59   0.82   
60   216.82   60   1.01   
61   216.08   61   0.92   
62   215.14   62   0.82   
63   214.41   63   0.93   
64   212.95   64   0.91   
65   212.66   65   0.83   
66   211.56   66   0.97   
67   210.57   67   0.98   
68   210.1   68   0.87   
69   208.65   69   0.92   
70   208.4   70   0.93   
71   207.66   71   0.79   
72   206.81   72   0.86   
73   205.93   73   0.85   
74   205.22   74   1.02   
75   204.8   75   0.92   
76   203.55   76   0.86   
77   202.81   77   0.86   
78   201.69   78   1.0   
79   201.31   79   0.96   
80   201.0   80   0.98   
81   200.05   81   1.0   
82   198.97   82   0.89   
83   198.69   83   0.86   
84   197.83   84   0.96   
85   196.43   85   0.94   
86   196.13   86   0.87   
87   195.58   87   0.69   
88   194.82   88   0.89   
89   194.22   89   0.83   
90   193.58   90   0.86   
91   192.32   91   0.9   
92   192.01   92   0.9   
93   191.54   93   0.91   
94   190.77   94   0.81   
95   189.96   95   0.95   
96   189.52   96   0.96   
97   188.64   97   1.0   
98   188.15   98   0.94   
99   187.3   99   0.81   
100   186.86   100   0.84   
101   185.85   101   0.73   
102   185.16   102   0.92   
103   184.56   103   0.8   
104   183.83   104   0.84   
105   183.57   105   0.76   
106   182.71   106   0.94   
107   181.61   107   0.97   
108   181.1   108   0.89   
109   180.76   109   0.85   
110   180.08   110   0.85   
111   179.31   111   0.88   
112   178.84   112   0.91   
113   178.28   113   0.85   
114   177.74   114   0.89   
115   176.92   115   1.03   
116   176.39   116   0.97   
117   176.04   117   0.91   
118   175.16   118   0.94   
119   174.42   119   0.92   
120   174.02   120   0.79   
121   173.47   121   0.91   
122   173.24   122   0.91   
123   172.31   123   0.78   
124   171.68   124   0.93   
125   170.61   125   0.88   
126   170.35   126   0.87   
127   169.72   127   0.86   
128   168.95   128   0.92   
129   168.45   129   0.87   
130   167.84   130   0.83   
131   167.44   131   0.83   
132   166.82   132   0.86   
133   166.23   133   0.81   
134   165.28   134   0.8   
135   165.07   135   0.91   
136   164.58   136   1.03   
137   163.65   137   0.97   
138   163.36   138   0.86   
139   162.58   139   0.95   
140   162.38   140   0.8   
141   161.62   141   0.92   
142   161.36   142   0.79   
143   160.25   143   0.94   
144   160.31   144   0.85   
145   159.27   145   0.77   
146   159.24   146   0.88   
147   158.56   147   1.0   
148   158.61   148   0.91   
149   157.92   149   0.97   
150   157.02   150   0.92   
151   156.58   151   0.91   
152   156.74   152   1.05   
153   156.3   153   0.83   
154   155.46   154   0.93   
155   155.32   155   1.02   
156   154.83   156   0.8   
157   154.25   157   0.73   
158   154.04   158   0.91   
159   153.49   159   0.97   
160   153.58   160   0.93   
161   152.91   161   0.78   
162   152.69   162   0.85   
163   151.88   163   0.9   
164   151.67   164   0.97   
165   151.18   165   1.03   
166   151.28   166   0.86   
167   150.47   167   0.86   
168   150.33   168   0.74   
169   150.39   169   0.97   
170   149.35   170   0.94   
171   149.54   171   0.73   
172   149.01   172   1.0   
173   148.43   173   0.99   
174   148.36   174   1.06   
175   148.25   175   0.85   
176   147.59   176   0.94   
177   147.28   177   0.86   
178   147.14   178   0.94   
179   146.59   179   1.03   
180   146.32   180   0.88   
181   146.14   181   0.91   
182   145.8   182   0.99   
183   145.24   183   1.0   
184   145.28   184   1.06   
185   145.47   185   0.9   
186   144.61   186   0.99   
187   144.95   187   0.75   
188   144.49   188   0.77   
189   144.13   189   0.87   
190   143.96   190   0.95   
191   143.9   191   1.05   
192   143.11   192   0.94   
193   143.41   193   0.88   
194   143.33   194   0.81   
195   142.67   195   0.84   
196   142.87   196   0.93   
197   142.23   197   0.79   
198   142.26   198   0.72   
199   141.96   199   0.83   
200   141.57   200   0.88   
201   141.6   201   0.86   
202   141.71   202   0.87   
203   141.61   203   0.9   
204   141.17   204   0.86   
205   141.15   205   1.09   
206   140.7   206   0.85   
207   140.64   207   0.95   
208   140.66   208   1.07   
209   140.62   209   0.94   
210   140.16   210   0.98   
211   139.89   211   0.88   
212   140.4   212   0.86   
213   139.75   213   0.85   
214   139.5   214   0.91   
215   139.38   215   0.97   
216   139.06   216   0.73   
217   139.17   217   0.84   
218   138.7   218   0.88   
219   138.64   219   0.84   
220   138.81   220   0.89   
221   138.29   221   0.81   
222   138.19   222   0.83   
223   138.29   223   0.9   
224   138.07   224   1.03   
225   137.88   225   0.87   
226   137.52   226   0.85   
227   137.37   227   0.76   
228   137.16   228   0.64   
229   136.84   229   0.74   
230   136.51   230   0.84   
231   137.01   231   0.89   
232   136.78   232   0.79   
233   136.66   233   0.9   
234   136.31   234   0.94   
235   136.42   235   0.83   
236   136.2   236   0.9   
237   135.75   237   0.93   
238   135.67   238   0.84   
239   135.73   239   0.72   
240   135.26   240   0.87   
242   135.26   242   0.88   
243   135.12   243   0.74   
244   135.09   244   0.82   
245   135.24   245   0.88   
246   134.52   246   0.8   
247   134.79   247   0.75   
248   134.66   248   0.74   
249   134.71   249   0.81   
250   134.37   250   0.76   
251   134.67   251   0.84   
252   134.29   252   0.79   
253   134.37   253   0.9   
254   134.33   254   0.84   
255   133.97   255   0.86   
256   133.73   256   0.95   
257   133.63   257   0.84   
258   133.17   258   0.82   
259   133.62   259   0.78   
260   133.29   260   0.78   
261   133.29   261   0.7   
262   133.08   262   0.64   
263   133.1   263   0.82   
264   132.97   264   0.8   
265   132.59   265   0.95   
266   132.73   266   0.76   
267   132.68   267   0.72   
268   132.18   268   0.76   
269   132.42   269   0.93   
270   132.52   270   0.86   
271   132.33   271   0.83   
272   132.35   272   0.8   
273   131.95   273   0.83   
274   131.72   274   0.76   
275   132.07   275   0.81   
276   131.89   276   0.73   
277   131.76   277   0.58   
278   131.12   278   0.9   
279   131.02   279   0.79   
280   130.89   280   0.74   
281   130.48   281   0.69   
282   130.39   282   0.81   
283   130.74   283   0.91   
284   130.15   284   0.76   
285   130.29   285   0.76   
286   130.59   286   0.72   
287   130.13   287   0.77   
288   130.19   288   0.64   
289   129.86   289   0.72   
290   130.17   290   0.75   
291   129.8   291   1.03   
292   129.92   292   0.73   
293   129.55   293   0.76   
294   129.58   294   0.84   
295   129.78   295   0.99   
296   129.7   296   0.89   
297   129.38   297   0.79   
298   129.3   298   0.76   
299   129.27   299   0.67   
300   128.9   300   0.62   
301   129.19   301   0.9   
302   129.18   302   0.8   
303   129.09   303   0.82   
304   129.77   304   0.95   
305   129.28   305   0.47   
306   129.33   306   0.81   
307   129.32   307   0.73   
308   128.94   308   0.84   
309   129.05   309   0.66   
310   129.4   310   0.6   
311   129.0   311   0.82   
312   128.87   312   0.79   
313   129.16   313   0.81   
314   128.7   314   0.62   
315   128.55   315   0.76   
316   128.31   316   0.73   
317   128.99   317   0.75   
318   128.97   318   0.64   
319   128.7   319   0.61   
320   128.48   320   0.77   
321   128.38   321   0.65   
322   128.72   322   0.87   
323   128.71   323   0.7   
324   128.46   324   0.65   
325   128.78   325   0.66   
326   128.36   326   0.85   
327   128.3   327   0.68   
328   128.45   328   0.52   
329   128.15   329   0.74   
330   127.98   330   0.73   
331   128.25   331   0.73   
332   128.37   332   0.67   
333   127.84   333   0.66   
334   127.61   334   0.62   
335   127.97   335   0.81   
336   127.71   336   0.72   
337   128.11   337   0.73   
338   127.81   338   0.63   
339   127.71   339   0.55   
340   127.51   340   0.53   
341   127.86   341   0.61   
342   127.34   342   0.55   
343   127.64   343   0.66   
344   127.61   344   0.5   
345   127.32   345   0.55   
346   127.22   346   0.76   
347   127.68   347   0.79   
348   127.83   348   0.69   
349   127.39   349   0.69   
350   127.39   350   0.65   
351   127.59   351   0.54   
352   127.12   352   0.59   
353   127.13   353   0.81   
354   127.08   354   0.51   
355   127.32   355   0.74   
356   127.31   356   0.67   
357   127.08   357   0.56   
358   127.15   358   0.61   
359   127.09   359   0.55   
360   126.8   360   0.74   
361   126.89   361   0.54   
362   126.97   362   0.75   
363   127.0   363   0.64   
364   127.01   364   0.67   
365   126.69   365   0.72   
366   126.84   366   0.65   
367   127.15   367   0.5   
368   126.95   368   0.52   
369   126.59   369   0.55   
370   126.92   370   0.52   
371   126.79   371   0.51   
372   126.69   372   0.6   
373   126.87   373   0.5   
374   126.51   374   0.57   
375   126.91   375   0.62   
376   126.78   376   0.6   
377   126.73   377   0.54   
378   126.54   378   0.62   
379   126.92   379   0.7   
380   126.5   380   0.55   
381   126.54   381   0.6   
382   126.67   382   0.61   
383   126.23   383   0.62   
384   126.6   384   0.58   
385   126.44   385   0.53   
386   126.61   386   0.64   
387   126.6   387   0.53   
388   126.36   388   0.59   
389   126.35   389   0.56   
390   126.4   390   0.56   
391   126.17   391   0.45   
392   126.39   392   0.52   
393   126.25   393   0.6   
394   126.75   394   0.47   
395   126.33   395   0.61   
396   126.36   396   0.47   
397   126.13   397   0.56   
398   126.32   398   0.46   
399   126.81   399   0.62   
400   126.59   400   0.58   
401   126.45   401   0.53   
402   126.83   402   0.45   
403   126.33   403   0.69   
404   126.2   404   0.5   
405   126.29   405   0.51   
406   126.39   406   0.71   
407   126.07   407   0.35   
408   126.33   408   0.5   
409   126.08   409   0.46   
410   126.15   410   0.73   
411   126.17   411   0.49   
412   126.24   412   0.69   
413   126.19   413   0.54   
414   126.12   414   0.4   
415   126.04   415   0.54   
416   126.04   416   0.37   
417   126.17   417   0.65   
418   125.76   418   0.54   
419   125.78   419   0.44   
420   125.9   420   0.46   
421   125.89   421   0.63   
422   126.09   422   0.46   
423   126.02   423   0.55   
424   126.14   424   0.34   
425   125.82   425   0.26   
426   125.85   426   0.32   
427   126.42   427   0.45   
428   125.94   428   0.53   
429   125.91   429   0.5   
430   125.8   430   0.42   
431   126.01   431   0.5   
432   125.97   432   0.66   
433   126.14   433   0.42   
434   126.06   434   0.39   
435   126.07   435   0.43   
436   126.08   436   0.53   
437   125.83   437   0.41   
438   126.11   438   0.48   
439   126.07   439   0.48   
440   126.1   440   0.43   
441   126.13   441   0.43   
442   125.89   442   0.4   
443   125.96   443   0.53   
444   125.94   444   0.42   
445   125.93   445   0.5   
446   125.71   446   0.51   
447   125.87   447   0.38   
448   125.91   448   0.46   
449   126.16   449   0.51   
450   126.07   450   0.37   
451   126.19   451   0.41   
452   125.82   452   0.32   
453   125.91   453   0.33   
454   126.05   454   0.29   
455   125.95   455   0.39   
456   126.03   456   0.43   
457   126.24   457   0.15   
458   125.88   458   0.3   
459   125.96   459   0.4   
460   126.1   460   0.43   
461   126.3   461   0.32   
462   125.83   462   0.35   
463   125.99   463   0.41   
464   126.33   464   0.35   
465   125.91   465   0.43   
466   126.12   466   0.39   
467   125.75   467   0.33   
468   125.95   468   0.28   
469   126.25   469   0.44   
470   126.09   470   0.44   
471   126.05   471   0.3   
472   126.23   472   0.34   
473   126.36   473   0.32   
474   125.75   474   0.33   
475   125.95   475   0.44   
476   126.25   476   0.41   
477   126.53   477   0.33   
478   126.36   478   0.38   
479   126.28   479   0.2   
480   126.06   480   0.12   
481   126.31   481   0.24   
482   126.21   482   0.26   
483   126.11   483   0.31   
484   126.12   484   0.25   
485   126.08   485   0.42   
486   125.99   486   0.2   
487   125.81   487   0.18   
488   126.36   488   0.34   
489   126.27   489   0.27   
490   126.07   490   0.27   
491   126.37   491   0.28   
492   126.3   492   0.28   
493   126.59   493   0.13   
494   126.4   494   0.25   
495   126.01   495   0.18   
496   126.15   496   0.22   
497   126.24   497   0.39   
498   126.39   498   0.21   
499   126.23   499   0.28   
500   126.3   500   0.24   
501   125.9   501   0.1   
502   126.16   502   0.28   
503   126.48   503   0.28   
504   126.2   504   0.18   
505   126.46   505   0.31   
506   126.25   506   0.15   
507   126.4   507   0.29   
508   126.48   508   0.11   
509   126.12   509   0.05   
510   126.64   510   0.31   
511   126.61   511   0.07   
512   126.45   512   0.18   
513   126.53   513   0.27   
514   126.16   514   0.18   
515   126.17   515   0.22   
516   126.52   516   0.28   
517   126.37   517   0.07   
518   126.13   518   0.21   
519   126.35   519   0.21   
520   126.14   520   0.16   
521   126.48   521   0.14   
522   126.31   522   0.06   
523   126.49   523   0.1   
524   126.65   524   0.2   
525   126.59   525   0.23   
526   126.38   526   0.12   
527   126.22   527   0.3   
528   126.63   528   0.13   
529   126.75   529   0.18   
530   126.69   530   0.07   
531   126.57   531   0.19   
532   126.53   532   -0.03   
533   126.57   533   0.11   
534   126.6   534   0.2   
535   126.77   535   0.22   
536   126.4   536   0.11   
537   126.98   537   0.09   
538   126.66   538   -0.05   
539   126.39   539   0.08   
540   126.64   540   0.26   
541   126.46   541   -0.0   
542   126.84   542   0.21   
543   126.72   543   0.05   
544   126.63   544   0.07   
545   126.98   545   0.1   
546   126.68   546   0.03   
547   126.82   547   0.16   
548   126.73   548   0.14   
549   127.08   549   0.06   
550   126.88   550   0.16   
551   127.0   551   -0.02   
552   126.92   552   0.22   
553   127.09   553   0.12   
554   126.87   554   -0.06   
555   127.23   555   -0.06   
556   126.85   556   0.11   
557   127.14   557   -0.01   
558   127.1   558   -0.08   
559   127.17   559   0.01   
560   127.17   560   0.05   
561   127.18   561   -0.04   
562   126.9   562   0.04   
563   127.12   563   -0.18   
564   127.04   564   0.12   
565   127.17   565   0.0   
566   126.91   566   -0.07   
567   127.0   567   -0.03   
568   127.06   568   0.06   
569   127.22   569   0.07   
570   127.01   570   0.02   
571   126.88   571   -0.13   
572   127.22   572   -0.05   
573   127.51   573   -0.08   
574   127.22   574   -0.14   
575   127.23   575   -0.09   
576   127.64   576   -0.14   
577   127.54   577   0.09   
578   127.29   578   -0.12   
579   127.5   579   -0.09   
580   127.79   580   -0.03   
581   127.54   581   -0.21   
582   127.59   582   -0.06   
583   127.71   583   -0.14   
584   127.26   584   -0.13   
585   127.51   585   -0.1   
586   127.99   586   -0.01   
587   127.59   587   0.07   
588   127.38   588   -0.11   
589   127.5   589   -0.24   
590   127.6   590   -0.06   
591   127.82   591   0.01   
592   127.37   592   0.05   
593   127.59   593   -0.14   
594   127.42   594   -0.14   
595   127.98   595   -0.05   
596   127.68   596   -0.1   
597   127.72   597   -0.09   
598   127.89   598   -0.2   
599   127.82   599   -0.22   
600   127.76   600   -0.17   
601   127.78   601   -0.07   
602   128.07   602   -0.27   
603   127.64   603   -0.25   
604   128.0   604   -0.15   
605   127.97   605   -0.21   
606   128.0   606   -0.26   
607   128.13   607   -0.22   
608   128.46   608   -0.23   
609   128.15   609   -0.16   
610   128.28   610   -0.34   
611   128.06   611   -0.2   
612   128.1   612   -0.17   
613   128.39   613   -0.27   
614   128.27   614   -0.28   
615   128.56   615   -0.2   
616   128.21   616   -0.21   
617   128.45   617   -0.08   
618   128.45   618   -0.31   
619   128.46   619   -0.26   
620   128.44   620   -0.32   
621   128.58   621   -0.39   
622   128.54   622   -0.21   
623   128.64   623   -0.32   
624   128.36   624   -0.3   
625   128.85   625   -0.3   
626   128.46   626   -0.47   
627   128.8   627   -0.38   
628   129.08   628   -0.21   
629   128.76   629   -0.41   
630   128.74   630   -0.32   
631   129.1   631   -0.25   
632   129.08   632   -0.17   
633   128.97   633   -0.41   
634   128.93   634   -0.49   
635   128.74   635   -0.42   
636   129.06   636   -0.4   
637   129.29   637   -0.43   
638   129.29   638   -0.25   
639   128.88   639   -0.35   
640   128.86   640   -0.19   
641   129.26   641   -0.36   
642   129.69   642   -0.41   
643   129.5   643   -0.46   
644   129.29   644   -0.39   
645   129.57   645   -0.45   
646   129.54   646   -0.46   
647   129.24   647   -0.4   
648   129.54   648   -0.39   
649   129.52   649   -0.41   
650   129.75   650   -0.26   
651   129.44   651   -0.48   
652   129.65   652   -0.34   
653   130.05   653   -0.59   
654   129.72   654   -0.41   
655   130.05   655   -0.5   
656   129.89   656   -0.48   
657   130.03   657   -0.33   
658   130.14   658   -0.38   
659   130.11   659   -0.37   
660   130.11   660   -0.38   
661   130.14   661   -0.46   
662   130.14   662   -0.37   
663   130.01   663   -0.47   
664   130.3   664   -0.47   
665   130.69   665   -0.26   
666   130.64   666   -0.47   
667   130.44   667   -0.46   
668   130.44   668   -0.49   
669   130.58   669   -0.39   
670   130.56   670   -0.66   
671   130.76   671   -0.55   
672   130.84   672   -0.38   
673   130.71   673   -0.58   
674   131.09   674   -0.55   
675   130.92   675   -0.63   
676   130.43   676   -0.78   
677   131.0   677   -0.43   
678   130.92   678   -0.66   
679   130.8   679   -0.55   
680   131.29   680   -0.74   
681   131.11   681   -0.59   
682   131.41   682   -0.48   
683   131.21   683   -0.8   
684   131.31   684   -0.38   
685   131.69   685   -0.61   
686   131.45   686   -0.5   
687   131.98   687   -0.56   
688   131.65   688   -0.61   
689   131.84   689   -0.47   
690   131.64   690   -0.67   
691   131.68   691   -0.65   
692   131.79   692   -0.61   
693   131.6   693   -0.6   
695   132.16   695   -0.68   
696   132.13   696   -0.59   
697   132.12   697   -0.66   
698   132.0   698   -0.6   
699   132.36   699   -0.66   
700   132.24   700   -0.56   
701   132.36   701   -0.65   
702   132.32   702   -0.59   
703   132.18   703   -0.65   
704   132.82   704   -0.72   
705   132.35   705   -0.57   
706   132.89   706   -0.74   
707   132.96   707   -0.63   
708   133.05   708   -0.67   
709   132.86   709   -0.72   
710   132.8   710   -0.63   
711   132.99   711   -0.58   
712   133.56   712   -0.6   
713   132.82   713   -0.5   
714   133.07   714   -0.47   
715   133.38   715   -0.58   
716   133.24   716   -0.72   
717   133.52   717   -0.75   
718   133.53   718   -0.73   
719   133.71   719   -0.63   
720   133.53   720   -0.7   
721   134.08   721   -0.75   
722   133.42   722   -0.76   
723   133.74   723   -0.76   
724   133.77   724   -0.65   
725   133.95   725   -0.79   
726   134.05   726   -0.62   
727   134.26   727   -0.87   
728   134.14   728   -0.63   
729   134.55   729   -0.57   
730   134.44   730   -0.72   
731   134.2   731   -0.62   
732   134.59   732   -0.65   
733   134.41   733   -0.72   
734   134.3   734   -0.67   
735   134.57   735   -0.66   
736   134.45   736   -0.53   
737   134.48   737   -0.73   
738   135.01   738   -0.66   
739   134.79   739   -0.74   
740   135.08   740   -0.73   
741   135.38   741   -0.68   
742   135.56   742   -0.68   
743   135.05   743   -0.77   
744   135.47   744   -0.63   
745   135.24   745   -0.59   
746   135.55   746   -0.53   
747   135.53   747   -0.7   
748   135.68   748   -0.65   
749   135.66   749   -0.76   
750   135.34   750   -0.69   
751   135.75   751   -0.64   
752   135.8   752   -0.64   
753   135.61   753   -0.64   
754   136.0   754   -0.68   
755   135.66   755   -0.73   
756   136.01   756   -0.5   
757   136.17   757   -0.69   
758   136.24   758   -0.71   
759   135.86   759   -0.75   
760   136.21   760   -0.65   
761   136.53   761   -0.57   
762   136.49   762   -0.78   
763   136.34   763   -0.56   
764   136.7   764   -0.53   
765   136.48   765   -0.56   
766   136.22   766   -0.71   
767   136.53   767   -0.64   
768   136.51   768   -0.6   
769   137.01   769   -0.64   
770   136.6   770   -0.72   
771   136.63   771   -0.77   
772   136.85   772   -0.83   
773   136.59   773   -0.75   
774   136.51   774   -0.67   
775   136.88   775   -0.61   
776   137.16   776   -0.53   
777   136.87   777   -0.55   
778   136.86   778   -0.69   
779   137.16   779   -0.61   
780   137.27   780   -0.54   
781   136.57   781   -0.66   
782   137.07   782   -0.73   
783   137.28   783   -0.77   
784   136.93   784   -0.52   
785   137.01   785   -0.64   
786   137.11   786   -0.55   
787   137.2   787   -0.52   
788   136.93   788   -0.52   
789   137.43   789   -0.67   
790   137.32   790   -0.69   
791   137.31   791   -0.48   
792   137.51   792   -0.5   
793   137.67   793   -0.54   
794   137.3   794   -0.55   
795   137.39   795   -0.66   
796   137.48   796   -0.64   
797   137.27   797   -0.71   
798   137.27   798   -0.72   
799   137.44   799   -0.46   
800   137.54   800   -0.5   
801   137.61   801   -0.52   
802   137.47   802   -0.47   
803   137.47   803   -0.51   
804   137.57   804   -0.62   
805   137.53   805   -0.73   
806   137.37   806   -0.55   
807   137.32   807   -0.71   
808   137.37   808   -0.44   
809   137.23   809   -0.6   
810   137.59   810   -0.52   
811   137.56   811   -0.64   
812   137.82   812   -0.54   
813   137.65   813   -0.55   
814   137.75   814   -0.55   
815   137.66   815   -0.61   
816   137.59   816   -0.61   
817   137.61   817   -0.5   
818   137.81   818   -0.53   
819   137.66   819   -0.5   
820   137.65   820   -0.64   
821   137.85   821   -0.6   
822   138.12   822   -0.56   
823   137.72   823   -0.49   
824   138.19   824   -0.45   
825   137.97   825   -0.57   
826   137.96   826   -0.57   
827   137.96   827   -0.58   
828   137.7   828   -0.45   
829   137.77   829   -0.6   
830   137.99   830   -0.46   
831   137.91   831   -0.51   
832   138.15   832   -0.48   
833   137.52   833   -0.53   
834   137.81   834   -0.63   
835   138.26   835   -0.48   
836   137.75   836   -0.64   
837   138.04   837   -0.53   
838   138.47   838   -0.4   
839   138.04   839   -0.44   
840   137.85   840   -0.5   
841   137.89   841   -0.52   
842   137.85   842   -0.52   
843   138.14   843   -0.4   
844   137.93   844   -0.52   
845   138.06   845   -0.43   
846   137.77   846   -0.47   
847   138.04   847   -0.64   
848   137.9   848   -0.7   
849   137.82   849   -0.48   
850   137.94   850   -0.6   
851   137.89   851   -0.52   
852   137.91   852   -0.42   
853   138.44   853   -0.46   
854   137.81   854   -0.54   
856   138.37   856   -0.44   
857   138.08   857   -0.42   
858   137.89   858   -0.54   
859   138.11   859   -0.41   
860   138.31   860   -0.47   
861   138.05   861   -0.5   
862   137.98   862   -0.5   
863   138.15   863   -0.41   
864   138.03   864   -0.46   
865   138.2   865   -0.57   
866   138.09   866   -0.43   
867   138.23   867   -0.42   
868   138.5   868   -0.44   
869   138.02   869   -0.53   
870   138.41   870   -0.52   
871   138.17   871   -0.49   
872   138.16   872   -0.47   
873   138.25   873   -0.39   
874   138.29   874   -0.44   
875   138.1   875   -0.42   
876   138.39   876   -0.36   
877   138.22   877   -0.26   
878   138.01   878   -0.32   
879   138.38   879   -0.43   
880   138.34   880   -0.26   
881   138.24   881   -0.43   
882   138.06   882   -0.35   
883   138.5   883   -0.43   
884   138.03   884   -0.43   
885   138.24   885   -0.31   
886   138.45   886   -0.61   
887   138.2   887   -0.48   
888   138.6   888   -0.59   
889   138.31   889   -0.42   
890   138.21   890   -0.45   
891   138.49   891   -0.3   
892   138.58   892   -0.55   
893   138.32   893   -0.34   
894   137.91   894   -0.36   
895   138.68   895   -0.33   
896   138.25   896   -0.6   
897   138.25   897   -0.48   
898   138.55   898   -0.32   
899   138.46   899   -0.37   
900   138.23   900   -0.34   
901   138.31   901   -0.45   
902   138.38   902   -0.35   
903   138.48   903   -0.44   
904   138.26   904   -0.45   
905   138.54   905   -0.36   
906   138.18   906   -0.19   
907   138.48   907   -0.27   
908   138.07   908   -0.32   
909   138.47   909   -0.4   
910   138.42   910   -0.25   
911   138.22   911   -0.36   
912   138.36   912   -0.45   
913   138.05   913   -0.31   
914   138.28   914   -0.36   
915   138.4   915   -0.28   
916   138.25   916   -0.24   
917   138.15   917   -0.3   
918   138.29   918   -0.45   
919   138.39   919   -0.43   
920   138.31   920   -0.38   
921   138.69   921   -0.35   
922   138.18   922   -0.54   
923   138.27   923   -0.3   
924   138.01   924   -0.27   
925   138.68   925   -0.19   
926   138.52   926   -0.48   
927   138.35   927   -0.28   
928   138.56   928   -0.43   
929   137.91   929   -0.26   
930   138.39   930   -0.43   
931   137.93   931   -0.35   
932   138.19   932   -0.45   
933   138.42   933   -0.47   
934   138.51   934   -0.52   
935   138.29   935   -0.41   
936   138.44   936   -0.18   
937   138.34   937   -0.37   
938   138.57   938   -0.37   
939   138.49   939   -0.26   
940   138.42   940   -0.33   
941   138.74   941   -0.48   
942   138.0   942   -0.26   
943   138.25   943   -0.35   
944   138.23   944   -0.45   
945   138.53   945   -0.07   
946   138.32   946   -0.28   
947   138.51   947   -0.32   
948   138.04   948   -0.51   
949   138.46   949   -0.35   
950   138.42   950   -0.21   
951   138.38   951   -0.35   
952   137.82   952   -0.19   
953   138.25   953   -0.36   
954   138.1   954   -0.24   
955   138.27   955   -0.37   
956   138.18   956   -0.33   
957   138.34   957   -0.22   
958   138.33   958   -0.44   
959   138.25   959   -0.24   
960   138.36   960   -0.21   
961   138.59   961   -0.3   
962   138.21   962   -0.33   
963   138.4   963   -0.24   
964   138.12   964   -0.26   
965   138.25   965   -0.34   
966   138.08   966   -0.35   
967   138.35   967   -0.42   
968   138.58   968   -0.26   
969   138.32   969   -0.28   
970   138.07   970   -0.4   
971   138.25   971   -0.39   
972   138.36   972   -0.28   
973   138.34   973   -0.32   
974   138.24   974   -0.18   
975   138.2   975   -0.2   
976   138.19   976   -0.3   
977   138.33   977   -0.3   
978   138.06   978   -0.1   
979   137.92   979   -0.43   
980   138.03   980   -0.13   
981   137.95   981   -0.11   
982   137.97   982   -0.18   
983   137.94   983   -0.32   
984   138.23   984   -0.14   
985   138.39   985   -0.18   
986   138.28   986   -0.4   
987   138.35   987   -0.16   
988   138.46   988   -0.3   
989   138.34   989   -0.16   
990   138.52   990   -0.27   
991   137.87   991   -0.31   
992   138.03   992   -0.2   
993   138.49   993   -0.13   
994   138.37   994   -0.08   
995   138.32   995   -0.19   
996   138.12   996   -0.28   
997   138.23   997   -0.31   
998   138.45   998   -0.24   
999   138.14   999   -0.11   
1000   138.03   1000   -0.27   
1001   138.38   1001   -0.18   
1002   137.99   1002   -0.06   
1003   138.37   1003   -0.44   
1004   138.19   1004   -0.31   
1005   138.26   1005   -0.29   
1006   138.04   1006   -0.23   
1007   138.19   1007   -0.27   
1008   138.17   1008   -0.14   
1009   138.08   1009   -0.27   
1010   137.83   1010   -0.21   
1011   137.89   1011   -0.15   
1012   138.05   1012   -0.18   
1013   138.17   1013   -0.17   
1014   138.17   1014   -0.09   
1015   138.37   1015   -0.25   
1016   137.94   1016   -0.15   
1017   138.36   1017   -0.06   
1018   137.92   1018   -0.25   
1019   138.4   1019   -0.25   
1020   138.02   1020   -0.22   
1021   137.72   1021   -0.15   
1022   138.13   1022   -0.32   
1023   138.15   1023   -0.17   
1024   137.84   1024   -0.28   
1025   138.18   1025   -0.05   
1026   138.0   1026   -0.15   
1027   138.31   1027   -0.2   
1028   138.12   1028   -0.09   
1029   137.9   1029   -0.08   
1030   137.77   1030   -0.28   
1031   138.04   1031   -0.12   
1032   137.85   1032   -0.15   
1033   137.97   1033   -0.3   
1034   138.22   1034   -0.15   
1035   138.15   1035   -0.1   
1036   138.23   1036   -0.19   
1037   137.92   1037   -0.09   
1038   138.06   1038   -0.1   
