1    633.45    1    -19.79    
2    628.07    2    -19.24    
3    622.98    3    -19.65    
4    616.53    4    -19.26    
5    615.84    5    -19.53    
6    616.48    6    -19.29    
7    619.78    7    -19.49    
8    620.35    8    -19.19    
9    619.04    9    -19.06    
10    623.79    10    -19.47    
11    618.18    11    -19.43    
12    619.82    12    -19.43    
13    620.69    13    -19.37    
14    621.08    14    -19.55    
15    621.8    15    -19.53    
16    618.27    16    -19.3    
17    620.42    17    -19.37    
18    620.75    18    -19.39    
19    622.57    19    -19.3    
20    617.02    20    -19.35    
21    619.91    21    -19.26    
22    620.96    22    -19.6    
23    620.41    23    -19.36    
24    621.15    24    -19.52    
25    621.03    25    -19.48    
26    621.86    26    -19.41    
27    624.12    27    -19.75    
28    620.95    28    -19.4    
29    621.3    29    -19.58    
30    621.72    30    -19.35    
31    620.24    31    -19.44    
32    621.8    32    -19.38    
33    622.05    33    -19.74    
34    623.57    34    -19.63    
35    624.73    35    -19.56    
36    621.85    36    -19.67    
37    624.29    37    -19.7    
38    622.04    38    -19.83    
39    621.92    39    -19.61    
40    623.59    40    -19.8    
41    624.16    41    -19.73    
42    621.21    42    -19.68    
43    622.65    43    -19.6    
44    622.01    44    -19.44    
45    621.38    45    -19.69    
46    621.93    46    -19.32    
47    621.75    47    -19.51    
48    621.73    48    -19.52    
49    624.24    49    -19.49    
50    617.96    50    -19.35    
51    623.21    51    -19.65    
52    619.19    52    -19.48    
53    621.14    53    -19.36    
54    618.35    54    -19.37    
55    621.27    55    -19.43    
56    620.35    56    -19.41    
57    619.29    57    -19.51    
58    619.79    58    -19.34    
59    618.59    59    -19.34    
60    619.47    60    -19.55    
61    620.51    61    -19.55    
62    620.38    62    -19.47    
63    620.22    63    -19.49    
64    619.22    64    -19.41    
65    618.15    65    -19.43    
66    620.45    66    -19.48    
67    620.64    67    -19.27    
68    619.41    68    -19.31    
69    618.4    69    -19.34    
70    620.58    70    -19.45    
71    618.12    71    -19.57    
72    620.45    72    -19.33    
73    619.8    73    -19.26    
74    621.2    74    -19.26    
75    619.87    75    -19.36    
76    621.41    76    -19.45    
77    622.72    77    -19.11    
78    621.59    78    -19.52    
79    617.93    79    -19.3    
80    620.88    80    -19.25    
81    619.08    81    -19.38    
82    617.87    82    -19.38    
83    618.8    83    -19.54    
84    619.18    84    -19.42    
85    620.27    85    -19.39    
86    620.58    86    160.46    
87    620.99    87    -19.39    
88    617.28    88    -19.26    
89    620.8    89    -19.5    
90    619.13    90    -19.53    
91    620.04    91    -19.37    
92    618.74    92    -19.58    
93    618.32    93    -19.36    
94    619.65    94    -19.45    
95    620.5    95    -19.7    
96    618.16    96    -19.67    
97    618.2    97    -19.6    
98    620.4    98    -19.43    
99    617.61    99    -19.32    
100    620.48    100    -19.43    
101    619.66    101    -19.33    
102    616.68    102    -19.6    
103    618.0    103    -19.32    
104    616.68    104    -19.47    
105    617.57    105    -19.39    
106    616.63    106    -19.46    
107    615.29    107    -19.44    
108    617.01    108    -19.2    
109    617.59    109    -19.35    
110    614.48    110    -19.22    
111    619.09    111    -19.22    
112    619.27    112    -19.27    
113    616.6    113    -19.33    
114    619.84    114    -19.39    
115    619.6    115    -19.19    
116    619.49    116    -19.42    
117    616.12    117    -19.07    
118    616.87    118    -18.99    
119    617.83    119    -19.09    
120    617.99    120    -19.32    
121    620.36    121    -19.02    
122    615.97    122    -19.17    
123    618.02    123    -19.16    
124    616.34    124    -19.24    
125    617.9    125    -19.18    
126    618.58    126    -19.38    
