1    906.39    1    -15.0    
2    937.99    2    -15.12    
3    934.16    3    -14.65    
4    920.29    4    -14.86    
5    908.18    5    -14.41    
6    913.11    6    -14.89    
7    927.3    7    -15.24    
8    921.34    8    -14.92    
9    918.66    9    -15.21    
10    932.66    10    -15.31    
11    921.32    11    -14.88    
12    922.52    12    -15.46    
13    918.69    13    -15.29    
14    915.39    14    -14.86    
15    921.4    15    -15.07    
16    920.78    16    -14.85    
17    930.87    17    -15.08    
18    917.77    18    -15.13    
19    920.95    19    -15.19    
20    923.97    20    -15.24    
21    926.54    21    -15.12    
22    926.79    22    -15.36    
23    926.86    23    -15.24    
24    914.79    24    -14.86    
25    927.63    25    -14.89    
26    921.37    26    -14.94    
27    922.57    27    -14.58    
28    936.0    28    -15.39    
29    929.9    29    -15.5    
30    923.59    30    -15.2    
31    924.38    31    -15.47    
32    933.14    32    -15.2    
33    919.84    33    -15.21    
34    923.36    34    -15.08    
35    921.08    35    -15.07    
36    918.2    36    -15.35    
37    931.26    37    -15.32    
38    931.29    38    -15.32    
39    930.09    39    -15.0    
40    922.23    40    -15.16    
41    921.84    41    -14.94    
42    916.89    42    -15.16    
43    917.53    43    -15.0    
44    922.96    44    -15.26    
45    922.85    45    -15.28    
46    917.12    46    -15.04    
47    927.58    47    -15.29    
48    924.83    48    -14.96    
49    926.34    49    -15.17    
50    922.69    50    -15.28    
51    920.36    51    -15.2    
52    924.9    52    -15.25    
53    926.51    53    -15.03    
54    930.2    54    -15.24    
55    927.01    55    -15.23    
56    922.56    56    -15.21    
57    918.08    57    -15.48    
58    919.82    58    -15.11    
59    926.66    59    -15.53    
60    924.04    60    -15.27    
61    926.99    61    -15.06    
62    925.36    62    -15.21    
63    921.83    63    -15.17    
64    921.13    64    -15.33    
65    923.76    65    -15.1    
66    924.75    66    -14.94    
67    931.02    67    -15.07    
68    924.8    68    -15.35    
69    921.4    69    -15.17    
70    920.91    70    -14.9    
71    917.42    71    -15.44    
72    914.87    72    -15.15    
73    924.97    73    -15.11    
74    917.4    74    -15.23    
75    916.77    75    -15.2    
76    920.86    76    -15.17    
77    929.06    77    -15.44    
78    922.24    78    164.91    
79    926.65    79    -15.18    
80    919.16    80    -14.88    
81    929.97    81    -15.28    
82    922.5    82    -15.15    
83    932.66    83    -15.25    
84    928.07    84    -14.8    
85    928.63    85    -15.19    
86    921.1    86    -15.18    
87    929.91    87    -15.38    
88    924.79    88    -15.43    
89    922.84    89    -15.17    
90    926.36    90    -15.08    
91    925.86    91    -15.13    
92    920.41    92    -15.2    
93    927.82    93    -15.32    
94    926.91    94    -15.31    
95    921.39    95    -14.92    
96    921.11    96    -15.22    
97    917.34    97    -15.22    
98    919.99    98    -15.17    
99    920.8    99    -15.23    
100    915.82    100    -15.39    
101    924.38    101    -15.19    
102    927.29    102    -15.29    
103    922.65    103    -15.33    
104    924.7    104    -15.5    
105    924.2    105    -15.3    
106    925.41    106    -15.29    
107    925.15    107    -15.14    
108    923.15    108    -14.86    
109    915.23    109    -14.73    
110    923.49    110    -15.25    
111    926.71    111    -15.21    
112    930.7    112    -15.41    
113    929.2    113    -15.12    
114    921.39    114    -15.14    
115    921.97    115    -15.1    
116    925.07    116    -15.17    
117    921.69    117    -15.02    
118    922.75    118    -15.17    
119    921.52    119    -15.46    
120    928.58    120    -15.29    
121    917.59    121    -15.11    
122    923.18    122    -15.07    
123    926.73    123    -15.32    
124    921.14    124    -14.95    
125    913.32    125    -14.8    
126    917.88    126    -15.05    
