1    562.05    1    -28.63    
2    578.15    2    -28.33    
3    574.99    3    -28.37    
4    565.3    4    -28.28    
5    565.25    5    331.71    
6    563.85    6    -28.23    
7    568.36    7    -28.33    
8    567.66    8    -28.16    
9    568.49    9    -28.15    
10    568.85    10    -28.49    
11    568.17    11    -28.78    
12    569.57    12    -28.49    
13    567.7    13    -28.49    
14    568.19    14    -28.51    
15    568.19    15    -28.4    
16    565.26    16    -28.29    
17    568.53    17    -28.41    
18    567.25    18    -28.51    
19    569.48    19    -28.4    
20    566.85    20    -28.46    
21    566.12    21    -28.44    
22    568.84    22    -28.27    
23    567.29    23    -28.38    
24    571.4    24    -28.48    
25    567.3    25    -28.34    
26    569.82    26    -28.48    
27    568.67    27    -28.31    
28    568.06    28    -28.2    
29    567.85    29    -28.5    
30    572.44    30    -28.47    
31    569.98    31    -28.36    
32    569.77    32    -28.44    
33    570.26    33    -28.38    
34    568.46    34    -28.61    
35    570.63    35    -28.56    
36    568.43    36    -28.44    
37    569.81    37    -28.39    
38    568.22    38    -28.56    
39    568.13    39    -28.34    
40    569.41    40    -28.27    
41    568.54    41    -28.39    
42    570.19    42    -28.42    
43    571.71    43    -28.58    
44    570.98    44    -28.24    
45    570.41    45    -28.33    
46    568.97    46    -28.17    
47    569.92    47    -28.22    
48    569.54    48    -28.26   
49    567.57    49    -28.25    
50    569.68    50    -28.37    
51    570.55    51    -28.4   
52    570.04    52    -28.28    
53    570.75    53    -28.22    
54    567.33    54    -28.31    
55    569.32    55    -28.21    
56    569.07    56    -28.32    
57    571.17    57    -28.41    
58    572.76    58    -28.45    
59    569.55    59    -28.37    
60    570.51    60    -28.21    
61    570.36    61    -28.16    
62    571.33    62    -28.27    
63    572.1    63    -28.31    
64    571.24    64    -28.22    
65    570.44    65    -28.36    
66    569.54    66    -28.09    
67    569.83    67    -28.25    
68    569.94    68    -28.47    
69    570.14    69    -28.24    
70    570.88    70    -28.26    
71    569.97    71    -28.18    
72    570.57    72    -28.33    
73    571.02    73    -28.18    
74    569.74    74    -28.33    
75    569.03    75    -28.06    
76    568.87    76    -28.22    
77    570.47    77    -28.21    
78    570.81    78    -28.1    
79    570.64    79    -28.27    
80    570.59    80    -28.56    
81    569.66    81    -28.14    
82    570.41    82    -28.35    
83    567.98    83    -28.4    
84    569.31    84    -28.0    
85    567.68    85    -28.08    
86    571.02    86    -28.38   
87    572.7    87    -28.16    
88    568.41    88    -28.31    
89    568.99    89    -27.96    
90    569.94    90    -28.32    
91    569.67    91    -28.25   
92    570.68    92    -28.36    
93    571.42    93    -28.3    
94    570.05    94    -28.18    
95    569.13    95    -28.29    
96    569.91    96    -28.33    
97    569.19    97    -28.52    
98    569.7    98    -28.39    
99    568.15    99    -28.38    
100    567.03    100    -28.48    
101    570.74    101    -28.32    
102    569.31    102    -28.61    
103    568.09    103    -28.42    
104    566.26    104    -28.38    
105    567.62    105    -28.39    
106    568.29    106    -28.26    
107    570.04    107    -28.67    
108    570.75    108    -28.48    
109    570.45    109    -28.24    
110    569.58    110    -28.43    
111    569.88    111    -27.99    
112    568.13    112    -28.28    
113    568.87    113    -28.55   
114    568.7    114    -28.26    
115    567.35    115    -28.38    
116    567.76    116    -28.41    
117    568.47    117    -28.31    
118    569.62    118    -28.28    
119    571.83    119    -28.5    
120    572.92    120    -28.39    
121    572.0    121    -28.23    
122    569.05    122    -28.44    
123    570.96    123    -28.07    
124    568.66    124    -28.31    
125    568.37    125    -28.46    
126    568.84    126    -28.46    
