21,72  -1,12
59,32  -5,52
39,46  -4,92
3,85  -3,58
62,73  -4,83
1,17  4,63
70,42  -5,04
92,47  -2,80
60,21  -2,87
58,25  -3,00
31,26  3,31
81,50  5,40
82,72  4,66
33,37  -5,22
68,67  -3,49
87,96  1,72
53,25  -1,33
76,97  -4,24
27,62  1,46
65,63  8,21
31,57  -7,28
41,81  9,99
5,80  1,66
76,37  8,95
82,34  3,43
91,69  -2,55
85,32  -4,83
8,55  -2,83
37,87  6,98
91,16  1,23
45,79  -3,87
53,29  7,45
25,96  -0,50
95,79  7,85
74,33  8,29
66,80  -0,44
60,93  -2,66
16,95  -3,45
24,84  3,38
6,68  -5,33
51,57  1,63
77,47  -1,18
93,92  -3,95
48,51  8,23
89,27  2,15
85,55  -3,26
55,12  -1,04
72,02  -1,57
60,28  2,09
91,16  2,55
56,13  9,17
32,80  -5,98
59,88  1,72
69,31  3,29
69,39  0,66
97,00  -1,28
71,23  4,57
10,97  4,95
28,11  7,01
27,60  -4,51
91,41  -5,20
49,80  9,65
51,05  -8,32
63,57  -1,58
58,43  -6,64
11,12  -5,51
43,66  -4,83
96,77  7,22
77,33  7,73
4,09  -8,10
75,88  1,94
95,79  -1,69
98,80  5,27
22,00  8,76
23,83  -2,60
64,47  2,50
90,47  7,94
42,79  8,01
18,59  -3,38
44,70  9,23
29,47  0,63
67,17  9,41
18,85  -7,92
50,93  -8,79
37,23  5,00
45,03  8,60
41,99  5,49
70,11  3,39
29,49  -7,09
91,23  -3,30
60,95  8,15
14,88  -3,75
57,83  2,78
10,52  2,09
81,12  1,17
60,16  -6,82
42,31  -2,95
94,13  6,61
31,94  1,03
20,42  -4,33
18,85 -7,92
20,42 -4,33
21,72 -1,12
22,00 8,76
23,83 -2,60
24,84 3,38
25,96 -0,50
27,60 -4,51
27,62 1,46
28,11 7,01
29,47 0,63
29,49 -7,09
31,26 3,31
31,57 -7,28
31,94 1,03
32,80 -5,98
33,37 -5,22
37,23 5,00
37,87 6,98
39,46 -4,92
41,81 9,99
41,99 5,49
42,31 -2,95
42,79 8,01
43,66 -4,83
44,70 9,23
45,03 8,60
45,79 -3,87
48,51 8,23
49,80 9,65
50,93 -8,79
51,05 -8,32
51,57 1,63
53,25 -1,33
53,29 7,45
55,12 -1,04
56,13 9,17
57,83 2,78
58,25 -3,00
58,43 -6,64
59,32 -5,52
59,88 1,72
60,16 -6,82
60,21 -2,87
60,28 2,09
60,93 -2,66
60,95 8,15
62,73 -4,83
63,57 -1,58
64,47 2,50
65,63 8,21
66,80 -0,44
67,17 9,41
68,67 -3,49
69,31 3,29
69,39 0,66
70,11 3,39
70,42 -5,04
71,23 4,57
72,02 -1,57
74,33 8,29
75,88 1,94
76,37 8,95
76,97 -4,24
77,33 7,73
77,47 -1,18
81,12 1,17
81,50 5,40
82,34 3,43
82,72 4,66
85,32 -4,83
85,55 -3,26
87,96 1,72
89,27 2,15
90,47 7,94
91,16 1,23
43,66 -4,83
62,73 -4,83
85,32 -4,83
27,60 -4,51
20,42 -4,33
76,97 -4,24
45,79 -3,87
68,67 -3,49
85,55 -3,26
58,25 -3,00
42,31 -2,95
60,21 -2,87
60,93 -2,66
23,83 -2,60
63,57 -1,58
72,02 -1,57
53,25 -1,33
77,47 -1,18
21,72 -1,12
55,12 -1,04
25,96 -0,50
66,80 -0,44
29,47 0,63
69,39 0,66
31,94 1,03
81,12 1,17
91,16 1,23
27,62 1,46
51,57 1,63
59,88 1,72
87,96 1,72
75,88 1,94
60,28 2,09
89,27 2,15
64,47 2,50
57,83 2,78
69,31 3,29
31,26 3,31
24,84 3,38
70,11 3,39
82,34 3,43
71,23 4,57
82,72 4,66
37,23 5,00
81,50 5,40
41,99 5,49
37,87 6,98
28,11 7,01
53,29 7,45
77,33 7,73
90,47 7,94
42,79 8,01
Sorted Array: 1,17  4,63
3,85  -3,58
4,09  -8,10
5,80  1,66
6,68  -5,33
8,55  -2,83
10,52  2,09
10,97  4,95
11,12  -5,51
14,88  -3,75
16,95  -3,45
18,59  -3,38
18,85  -7,92
20,42  -4,33
21,72  -1,12
22,00  8,76
23,83  -2,60
24,84  3,38
25,96  -0,50
27,60  -4,51
27,62  1,46
28,11  7,01
29,47  0,63
29,49  -7,09
31,26  3,31
31,57  -7,28
31,94  1,03
32,80  -5,98
33,37  -5,22
37,23  5,00
37,87  6,98
39,46  -4,92
41,81  9,99
41,99  5,49
42,31  -2,95
42,79  8,01
43,66  -4,83
44,70  9,23
45,03  8,60
45,79  -3,87
48,51  8,23
49,80  9,65
50,93  -8,79
51,05  -8,32
51,57  1,63
53,25  -1,33
53,29  7,45
55,12  -1,04
56,13  9,17
57,83  2,78
58,25  -3,00
58,43  -6,64
59,32  -5,52
59,88  1,72
60,16  -6,82
60,21  -2,87
60,28  2,09
60,93  -2,66
60,95  8,15
62,73  -4,83
63,57  -1,58
64,47  2,50
65,63  8,21
66,80  -0,44
67,17  9,41
68,67  -3,49
69,31  3,29
69,39  0,66
70,11  3,39
70,42  -5,04
71,23  4,57
72,02  -1,57
74,33  8,29
75,88  1,94
76,37  8,95
76,97  -4,24
77,33  7,73
77,47  -1,18
81,12  1,17
81,50  5,40
82,34  3,43
82,72  4,66
85,32  -4,83
85,55  -3,26
87,96  1,72
89,27  2,15
90,47  7,94
91,16  1,23
91,16  2,55
91,23  -3,30
91,41  -5,20
91,69  -2,55
92,47  -2,80
93,92  -3,95
94,13  6,61
95,79  7,85
95,79  -1,69
96,77  7,22
97,00  -1,28
98,80  5,27
FIM DA LISTA
57,53 1,05
