71,56  9,48
-763,95  -15,46
-838,06  -16,41
134,30  -26,77
-541,17  20,24
614,47  12,02
-691,53  -21,24
-939,51  -12,08
995,88  23,04
91,33  5,58
-51,58  -5,86
445,67  27,28
185,06  13,91
870,00  19,92
-488,82  3,98
517,18  8,68
319,75  15,79
-178,81  3,63
-254,04  -16,21
79,16  24,66
438,40  -27,68
-835,70  -15,86
931,55  -4,29
-696,89  -28,21
-592,04  -17,00
-357,84  -20,97
-980,07  -19,45
-362,72  -25,19
-40,95  -9,71
-989,63  8,97
-587,14  16,57
-86,23  -23,18
895,54  -24,94
107,57  -4,71
-304,20  -23,59
-561,34  -21,48
419,33  -3,40
-915,10  -3,84
-252,68  6,06
-118,86  -18,15
-433,53  22,27
-405,65  10,58
-808,17  21,10
517,42  23,74
306,04  -23,29
-11,28  -3,95
-895,20  -3,29
-730,21  -2,83
-545,19  16,80
-762,09  -12,25
-170,00  -19,54
-81,68  14,68
348,58  -7,74
581,78  -3,34
-805,32  -27,46
-962,97  4,63
509,22  15,11
208,93  -13,52
659,57  18,31
829,19  25,12
-29,08  -7,68
622,20  12,23
-519,62  -3,91
-925,48  -4,78
217,28  29,76
751,52  -14,83
-585,77  24,02
387,04  -10,64
793,50  20,35
-821,75  21,28
-660,36  -15,74
-558,35  -2,25
834,04  11,64
-231,27  22,58
936,24  -11,79
588,29  -12,23
922,24  -7,74
-723,96  14,51
50,37  18,38
866,25  3,79
904,19  -24,25
886,88  28,97
68,20  20,78
-620,34  17,97
-729,45  -3,26
282,28  14,02
-573,24  -7,21
803,82  19,76
-687,39  13,27
114,91  22,82
700,74  -2,39
973,42  16,97
-129,67  8,05
-176,82  -11,25
589,38  -6,80
-392,43  4,39
132,88  17,71
-754,73  18,56
998,68  -9,36
925,70  -25,21
-763,95 -15,46
-762,09 -12,25
-754,73 18,56
-730,21 -2,83
-729,45 -3,26
-723,96 14,51
-696,89 -28,21
-691,53 -21,24
-687,39 13,27
-660,36 -15,74
-620,34 17,97
-592,04 -17,00
-587,14 16,57
-585,77 24,02
-573,24 -7,21
-561,34 -21,48
-558,35 -2,25
-545,19 16,80
-541,17 20,24
-519,62 -3,91
-488,82 3,98
-433,53 22,27
-405,65 10,58
-392,43 4,39
-362,72 -25,19
-357,84 -20,97
-304,20 -23,59
-254,04 -16,21
-252,68 6,06
-231,27 22,58
-178,81 3,63
-176,82 -11,25
-170,00 -19,54
-129,67 8,05
-118,86 -18,15
-86,23 -23,18
-81,68 14,68
-51,58 -5,86
-40,95 -9,71
-29,08 -7,68
-11,28 -3,95
50,37 18,38
68,20 20,78
71,56 9,48
79,16 24,66
91,33 5,58
107,57 -4,71
114,91 22,82
132,88 17,71
134,30 -26,77
185,06 13,91
208,93 -13,52
217,28 29,76
282,28 14,02
306,04 -23,29
319,75 15,79
348,58 -7,74
387,04 -10,64
419,33 -3,40
438,40 -27,68
445,67 27,28
509,22 15,11
517,18 8,68
517,42 23,74
581,78 -3,34
588,29 -12,23
589,38 -6,80
614,47 12,02
622,20 12,23
659,57 18,31
700,74 -2,39
751,52 -14,83
793,50 20,35
803,82 19,76
829,19 25,12
834,04 11,64
-28,21
-27,68
-26,77
-25,19
-23,59
-23,29
-23,18
-21,48
-21,24
-20,97
-19,54
-18,15
-17,00
-16,21
-15,74
-15,46
-14,83
-13,52
-12,25
-12,23
-11,25
-10,64
-9,71
-7,74
-7,68
-7,21
-6,80
-5,86
-4,71
-3,95
-3,91
-3,40
-3,34
-3,26
-2,83
-2,39
-2,25
3,63
3,98
4,39
5,58
6,06
8,05
8,68
9,48
10,58
11,64
12,02
12,23
13,27
13,91
14,02
14,51
14,68
15,11
15,79
16,57
16,80
17,71
17,97
18,31
18,38
18,56
19,76
20,24
20,35
20,78
22,27
22,58
22,82
23,74
24,02
24,66
25,12
27,28
29,76
Sorted Array: -989,63  8,97
-980,07  -19,45
-962,97  4,63
-939,51  -12,08
-925,48  -4,78
-915,10  -3,84
-895,20  -3,29
-838,06  -16,41
-835,70  -15,86
-821,75  21,28
-808,17  21,10
-805,32  -27,46
-763,95  -15,46
-762,09  -12,25
-754,73  18,56
-730,21  -2,83
-729,45  -3,26
-723,96  14,51
-696,89  -28,21
-691,53  -21,24
-687,39  13,27
-660,36  -15,74
-620,34  17,97
-592,04  -17,00
-587,14  16,57
-585,77  24,02
-573,24  -7,21
-561,34  -21,48
-558,35  -2,25
-545,19  16,80
-541,17  20,24
-519,62  -3,91
-488,82  3,98
-433,53  22,27
-405,65  10,58
-392,43  4,39
-362,72  -25,19
-357,84  -20,97
-304,20  -23,59
-254,04  -16,21
-252,68  6,06
-231,27  22,58
-178,81  3,63
-176,82  -11,25
-170,00  -19,54
-129,67  8,05
-118,86  -18,15
-86,23  -23,18
-81,68  14,68
-51,58  -5,86
-40,95  -9,71
-29,08  -7,68
-11,28  -3,95
50,37  18,38
68,20  20,78
71,56  9,48
79,16  24,66
91,33  5,58
107,57  -4,71
114,91  22,82
132,88  17,71
134,30  -26,77
185,06  13,91
208,93  -13,52
217,28  29,76
282,28  14,02
306,04  -23,29
319,75  15,79
348,58  -7,74
387,04  -10,64
419,33  -3,40
438,40  -27,68
445,67  27,28
509,22  15,11
517,18  8,68
517,42  23,74
581,78  -3,34
588,29  -12,23
589,38  -6,80
614,47  12,02
622,20  12,23
659,57  18,31
700,74  -2,39
751,52  -14,83
793,50  20,35
803,82  19,76
829,19  25,12
834,04  11,64
866,25  3,79
870,00  19,92
886,88  28,97
895,54  -24,94
904,19  -24,25
922,24  -7,74
925,70  -25,21
931,55  -4,29
936,24  -11,79
973,42  16,97
995,88  23,04
998,68  -9,36
