-137,33  -6,62
-485,89  2,06
537,46  2,78
-270,30  28,10
-141,16  1,42
45,96  2,08
-729,29  -18,32
-406,24  20,07
833,12  19,48
-332,83  -6,43
562,18  -11,46
-690,10  8,53
-747,61  -5,51
89,84  -2,89
-660,26  -1,79
146,36  -26,72
-442,15  -5,07
822,67  12,43
-224,69  -20,46
-908,61  -20,17
-357,17  26,84
790,15  15,96
60,88  25,34
-183,49  24,22
642,13  -11,11
26,25  -11,15
613,97  15,76
807,15  8,49
498,40  -24,87
88,88  -5,78
272,79  -14,18
519,40  18,66
-844,54  -12,00
-128,37  9,22
-637,22  0,45
-227,64  17,57
-221,01  21,85
-727,29  18,17
379,92  -25,68
-509,02  -18,69
192,45  11,84
-738,14  16,35
638,02  -12,96
-881,50  5,77
-588,13  10,95
702,92  -22,22
473,37  2,87
-653,81  -4,85
-891,13  10,57
844,53  -24,47
898,88  -4,17
-952,15  21,75
120,89  18,09
-376,47  -14,05
290,97  5,69
902,70  1,68
-827,62  11,98
24,83  1,44
-414,09  21,00
149,42  -16,47
595,85  9,02
-758,11  -18,55
-824,81  20,90
-74,56  -13,31
-136,58  17,60
-173,03  27,00
409,77  -8,75
-159,17  -12,22
443,50  7,03
-172,06  26,80
854,59  -10,44
95,26  25,20
809,75  22,96
-318,52  -20,83
456,08  3,26
438,45  12,82
-630,66  -25,34
610,36  16,45
-816,96  -23,57
-499,75  2,55
-716,31  2,59
-856,77  8,79
541,82  -12,93
707,39  23,56
-838,77  9,18
893,35  20,97
7,53  18,08
562,69  13,34
-805,15  1,20
-90,94  -27,86
-983,20  0,70
692,79  27,62
173,75  -7,29
456,14  7,44
-219,37  -16,74
-679,57  -21,25
517,23  0,57
-730,89  -15,82
-550,39  -25,28
788,11  17,66
-758,11 -18,55
-747,61 -5,51
-738,14 16,35
-730,89 -15,82
-729,29 -18,32
-727,29 18,17
-716,31 2,59
-690,10 8,53
-679,57 -21,25
-660,26 -1,79
-653,81 -4,85
-637,22 0,45
-630,66 -25,34
-588,13 10,95
-550,39 -25,28
-509,02 -18,69
-499,75 2,55
-485,89 2,06
-442,15 -5,07
-414,09 21,00
-406,24 20,07
-376,47 -14,05
-357,17 26,84
-332,83 -6,43
-318,52 -20,83
-270,30 28,10
-227,64 17,57
-224,69 -20,46
-221,01 21,85
-219,37 -16,74
-183,49 24,22
-173,03 27,00
-172,06 26,80
-159,17 -12,22
-141,16 1,42
-137,33 -6,62
-136,58 17,60
-128,37 9,22
-90,94 -27,86
-74,56 -13,31
7,53 18,08
24,83 1,44
26,25 -11,15
45,96 2,08
60,88 25,34
88,88 -5,78
89,84 -2,89
95,26 25,20
120,89 18,09
146,36 -26,72
149,42 -16,47
173,75 -7,29
192,45 11,84
272,79 -14,18
290,97 5,69
379,92 -25,68
409,77 -8,75
438,45 12,82
443,50 7,03
456,08 3,26
456,14 7,44
473,37 2,87
498,40 -24,87
517,23 0,57
519,40 18,66
537,46 2,78
541,82 -12,93
562,18 -11,46
562,69 13,34
595,85 9,02
610,36 16,45
613,97 15,76
638,02 -12,96
642,13 -11,11
692,79 27,62
702,92 -22,22
-729,29 -18,32
-219,37 -16,74
149,42 -16,47
-730,89 -15,82
272,79 -14,18
-376,47 -14,05
-74,56 -13,31
638,02 -12,96
541,82 -12,93
-159,17 -12,22
562,18 -11,46
26,25 -11,15
642,13 -11,11
409,77 -8,75
173,75 -7,29
-137,33 -6,62
-332,83 -6,43
88,88 -5,78
-747,61 -5,51
-442,15 -5,07
-653,81 -4,85
89,84 -2,89
-660,26 -1,79
-637,22 0,45
517,23 0,57
-141,16 1,42
24,83 1,44
-485,89 2,06
45,96 2,08
-499,75 2,55
-716,31 2,59
537,46 2,78
473,37 2,87
456,08 3,26
290,97 5,69
443,50 7,03
456,14 7,44
-690,10 8,53
595,85 9,02
-128,37 9,22
-588,13 10,95
192,45 11,84
438,45 12,82
562,69 13,34
613,97 15,76
-738,14 16,35
610,36 16,45
-227,64 17,57
-136,58 17,60
7,53 18,08
120,89 18,09
-727,29 18,17
Sorted Array: -983,20  0,70
-952,15  21,75
-908,61  -20,17
-891,13  10,57
-881,50  5,77
-856,77  8,79
-844,54  -12,00
-838,77  9,18
-827,62  11,98
-824,81  20,90
-816,96  -23,57
-805,15  1,20
-758,11  -18,55
-747,61  -5,51
-738,14  16,35
-730,89  -15,82
-729,29  -18,32
-727,29  18,17
-716,31  2,59
-690,10  8,53
-679,57  -21,25
-660,26  -1,79
-653,81  -4,85
-637,22  0,45
-630,66  -25,34
-588,13  10,95
-550,39  -25,28
-509,02  -18,69
-499,75  2,55
-485,89  2,06
-442,15  -5,07
-414,09  21,00
-406,24  20,07
-376,47  -14,05
-357,17  26,84
-332,83  -6,43
-318,52  -20,83
-270,30  28,10
-227,64  17,57
-224,69  -20,46
-221,01  21,85
-219,37  -16,74
-183,49  24,22
-173,03  27,00
-172,06  26,80
-159,17  -12,22
-141,16  1,42
-137,33  -6,62
-136,58  17,60
-128,37  9,22
-90,94  -27,86
-74,56  -13,31
7,53  18,08
24,83  1,44
26,25  -11,15
45,96  2,08
60,88  25,34
88,88  -5,78
89,84  -2,89
95,26  25,20
120,89  18,09
146,36  -26,72
149,42  -16,47
173,75  -7,29
192,45  11,84
272,79  -14,18
290,97  5,69
379,92  -25,68
409,77  -8,75
438,45  12,82
443,50  7,03
456,08  3,26
456,14  7,44
473,37  2,87
498,40  -24,87
517,23  0,57
519,40  18,66
537,46  2,78
541,82  -12,93
562,18  -11,46
562,69  13,34
595,85  9,02
610,36  16,45
613,97  15,76
638,02  -12,96
642,13  -11,11
692,79  27,62
702,92  -22,22
707,39  23,56
788,11  17,66
790,15  15,96
807,15  8,49
809,75  22,96
822,67  12,43
833,12  19,48
844,53  -24,47
854,59  -10,44
893,35  20,97
898,88  -4,17
902,70  1,68
